/*--------------------------------*- C++ -*----------------------------------*\
  =========                 |
  \\      /  F ield         | OpenFOAM: The Open Source CFD Toolbox
   \\    /   O peration     | Version:  v2306
    \\  /    A nd           | Website:  www.openfoam.com
     \\/     M anipulation  |
\*---------------------------------------------------------------------------*/
FoamFile
{
    version     2.0;
    format      ascii;
    arch        "LSB;label=32;scalar=64";
    class       volScalarField;
    location    "2";
    object      p;
}
// * * * * * * * * * * * * * * * * * * * * * * * * * * * * * * * * * * * * * //

dimensions      [0 2 -2 0 0 0 0];

internalField   nonuniform List<scalar>
400
(
0.0472178
0.0460412
0.0436619
0.0400542
0.0352335
0.0292958
0.0224372
0.0149445
0.00715647
-0.000591988
-0.00802429
-0.0149574
-0.0213065
-0.0270582
-0.0322254
-0.0367985
-0.040715
-0.0438557
-0.0460699
-0.0472185
0.0460412
0.0447033
0.0416288
0.0362322
0.0280779
0.0172054
0.00430354
-0.00934797
-0.0221635
-0.0326712
-0.0399205
-0.0437329
-0.0447063
-0.0439732
-0.0428009
-0.0421805
-0.0425482
-0.0437338
-0.0451397
-0.0460699
0.0436619
0.0416288
0.0367305
0.0277496
0.0137952
-0.00501552
-0.0271982
-0.0500373
-0.070206
-0.084669
-0.0915568
-0.0906997
-0.0836324
-0.0730674
-0.0620294
-0.0529595
-0.0471022
-0.0443752
-0.0437338
-0.0438557
0.0400542
0.0362321
0.0277495
0.0134486
-0.00732656
-0.0339558
-0.0641617
-0.0942246
-0.119772
-0.136903
-0.14326
-0.138686
-0.125229
-0.106494
-0.0865734
-0.0689339
-0.0556315
-0.0471022
-0.0425483
-0.040715
0.0352335
0.0280777
0.0137947
-0.00732738
-0.0343914
-0.065599
-0.0981891
-0.128701
-0.153536
-0.169676
-0.175345
-0.170403
-0.156352
-0.135942
-0.112525
-0.0893343
-0.0689347
-0.05296
-0.0421807
-0.0367985
0.0292957
0.0172044
-0.00501819
-0.0339605
-0.0656046
-0.0962296
-0.123089
-0.144671
-0.160527
-0.170786
-0.175628
-0.174933
-0.168287
-0.155333
-0.136308
-0.11253
-0.0865781
-0.0620321
-0.0428019
-0.0322255
0.0224368
0.0043001
-0.0272074
-0.0641786
-0.098213
-0.123112
-0.136639
-0.140737
-0.14017
-0.140176
-0.144071
-0.15176
-0.159737
-0.16258
-0.155356
-0.135966
-0.106511
-0.0730766
-0.0439766
-0.0270586
0.0149435
-0.00935659
-0.0500603
-0.0942672
-0.128764
-0.144746
-0.140797
-0.123024
-0.102332
-0.0899264
-0.0927794
-0.11082
-0.136939
-0.159797
-0.168362
-0.156415
-0.125272
-0.0836554
-0.0447149
-0.0213075
0.00715428
-0.022179
-0.0702466
-0.119847
-0.153648
-0.160668
-0.14031
-0.102418
-0.0633487
-0.0395847
-0.0413251
-0.0685271
-0.110906
-0.1519
-0.175074
-0.170516
-0.138761
-0.0907404
-0.0437483
-0.0149596
-0.000596436
-0.0326867
-0.0847057
-0.136968
-0.169772
-0.170904
-0.140284
-0.0899698
-0.0395322
-0.00855508
-0.00914002
-0.0412726
-0.0928228
-0.144179
-0.175746
-0.175441
-0.143325
-0.0915935
-0.039936
-0.00802874
-0.00803617
-0.0399076
-0.0914968
-0.143134
-0.17514
-0.175329
-0.143651
-0.0922013
-0.0405829
-0.00841442
-0.00782948
-0.0388425
-0.0893483
-0.139756
-0.170487
-0.169471
-0.136778
-0.084609
-0.0326583
-0.000603872
-0.0150029
-0.0436296
-0.0903135
-0.13791
-0.169166
-0.1732
-0.149528
-0.108109
-0.065422
-0.038058
-0.0363176
-0.0602436
-0.0996207
-0.137938
-0.158794
-0.152299
-0.118996
-0.0698197
-0.0220602
0.00711096
-0.0214937
-0.0444421
-0.0825093
-0.122924
-0.152654
-0.163116
-0.153138
-0.129078
-0.102086
-0.0835857
-0.0807327
-0.0935968
-0.115162
-0.134138
-0.1395
-0.125003
-0.0919191
-0.0489142
-0.0090837
0.0147573
-0.0277626
-0.0436245
-0.0707157
-0.101385
-0.12759
-0.143562
-0.147536
-0.141928
-0.131942
-0.123197
-0.119302
-0.120352
-0.122928
-0.121595
-0.111318
-0.0898369
-0.0590528
-0.0248465
0.00465224
0.0217329
-0.0345925
-0.0431004
-0.0583962
-0.0775269
-0.0971131
-0.114197
-0.126856
-0.134395
-0.137106
-0.135733
-0.130891
-0.1227
-0.110779
-0.0946115
-0.0741187
-0.0501874
-0.0249093
-0.00138228
0.0169059
0.0269287
-0.0439957
-0.0458526
-0.0499264
-0.0566719
-0.0662219
-0.0780042
-0.090572
-0.101752
-0.109098
-0.110515
-0.104846
-0.0922308
-0.0741014
-0.052819
-0.0310785
-0.0112789
0.00493544
0.0168283
0.0244058
0.0280363
-0.0608383
-0.0574276
-0.0520072
-0.0468078
-0.0439713
-0.0446413
-0.0484231
-0.0534297
-0.056912
-0.0562419
-0.0498852
-0.0379985
-0.0224251
-0.00609077
0.00797626
0.017636
0.0222722
0.0228446
0.0213528
0.019931
-0.0963089
-0.0895237
-0.0774909
-0.0627732
-0.0481231
-0.0356304
-0.026161
-0.0192814
-0.0136744
-0.00786826
-0.000980478
0.00681932
0.0143137
0.0197082
0.0213835
0.0186316
0.0120786
0.00361488
-0.00416105
-0.00879126
-0.174902
-0.167299
-0.1532
-0.134545
-0.11364
-0.0926662
-0.0733013
-0.0565645
-0.0428984
-0.032413
-0.0251637
-0.021329
-0.0212061
-0.0250246
-0.0326599
-0.0433816
-0.0557645
-0.0678378
-0.077456
-0.0827911
-0.347855
-0.343203
-0.334325
-0.322012
-0.307312
-0.291401
-0.275452
-0.260527
-0.247514
-0.237078
-0.229645
-0.2254
-0.224276
-0.225956
-0.22988
-0.23528
-0.241242
-0.246807
-0.251092
-0.253419
)
;

boundaryField
{
    ".*" { type zeroGradient; }
}
