/*--------------------------------*- C++ -*----------------------------------*\
  =========                 |
  \\      /  F ield         | OpenFOAM: The Open Source CFD Toolbox
   \\    /   O peration     | Version:  v2306
    \\  /    A nd           | Website:  www.openfoam.com
     \\/     M anipulation  |
\*---------------------------------------------------------------------------*/
FoamFile
{
    version     2.0;
    format      ascii;
    arch        "LSB;label=32;scalar=64";
    class       volScalarField;
    location    "2";
    object      T;
}
// * * * * * * * * * * * * * * * * * * * * * * * * * * * * * * * * * * * * * //

dimensions      [0 0 0 1 0 0 0];

internalField   nonuniform List<scalar>
400
(
300.848
301.584
302.293
302.958
303.561
304.088
304.526
304.865
305.095
305.212
305.212
305.095
304.865
304.526
304.088
303.561
302.958
302.293
301.584
300.848
301.798
302.534
303.243
303.908
304.511
305.038
305.476
305.815
306.045
306.162
306.162
306.045
305.815
305.476
305.038
304.511
303.908
303.243
302.534
301.798
302.748
303.485
304.194
304.858
305.461
305.988
306.426
306.765
306.995
307.112
307.112
306.995
306.765
306.426
305.988
305.461
304.858
304.194
303.485
302.748
303.699
304.435
305.144
305.808
306.411
306.938
307.377
307.715
307.946
308.062
308.062
307.946
307.715
307.377
306.938
306.411
305.808
305.144
304.435
303.699
304.649
305.385
306.094
306.758
307.362
307.889
308.327
308.665
308.896
309.012
309.012
308.896
308.665
308.327
307.889
307.362
306.758
306.094
305.385
304.649
305.599
306.335
307.044
307.709
308.312
308.839
309.277
309.616
309.846
309.963
309.963
309.846
309.616
309.277
308.839
308.312
307.709
307.044
306.335
305.599
306.549
307.285
307.995
308.659
309.262
309.789
310.227
310.566
310.796
310.913
310.913
310.796
310.566
310.227
309.789
309.262
308.659
307.995
307.285
306.549
307.499
308.236
308.945
309.609
310.212
310.739
311.178
311.516
311.746
311.863
311.863
311.746
311.516
311.178
310.739
310.212
309.609
308.945
308.236
307.499
308.45
309.186
309.895
310.559
311.162
311.69
312.128
312.466
312.697
312.813
312.813
312.697
312.466
312.128
311.69
311.162
310.559
309.895
309.186
308.45
309.4
310.136
310.845
311.509
312.113
312.64
313.078
313.416
313.647
313.763
313.763
313.647
313.416
313.078
312.64
312.113
311.509
310.845
310.136
309.4
310.35
311.086
311.795
312.46
313.063
313.59
314.028
314.367
314.597
314.714
314.714
314.597
314.367
314.028
313.59
313.063
312.46
311.795
311.086
310.35
311.3
312.037
312.746
313.41
314.013
314.54
314.978
315.317
315.547
315.664
315.664
315.547
315.317
314.978
314.54
314.013
313.41
312.746
312.037
311.3
312.25
312.987
313.696
314.36
314.963
315.49
315.929
316.267
316.497
316.614
316.614
316.497
316.267
315.929
315.49
314.963
314.36
313.696
312.987
312.25
313.201
313.937
314.646
315.31
315.913
316.441
316.879
317.217
317.448
317.564
317.564
317.448
317.217
316.879
316.441
315.913
315.31
314.646
313.937
313.201
314.151
314.887
315.596
316.261
316.864
317.391
317.829
318.167
318.398
318.515
318.515
318.398
318.167
317.829
317.391
316.864
316.261
315.596
314.887
314.151
315.101
315.837
316.546
317.211
317.814
318.341
318.779
319.118
319.348
319.465
319.465
319.348
319.118
318.779
318.341
317.814
317.211
316.546
315.837
315.101
316.051
316.788
317.497
318.161
318.764
319.291
319.729
320.068
320.298
320.415
320.415
320.298
320.068
319.729
319.291
318.764
318.161
317.497
316.788
316.051
317.001
317.738
318.447
319.111
319.714
320.241
320.68
321.018
321.249
321.365
321.365
321.249
321.018
320.68
320.241
319.714
319.111
318.447
317.738
317.001
317.952
318.688
319.397
320.061
320.665
321.192
321.63
321.968
322.199
322.315
322.315
322.199
321.968
321.63
321.192
320.665
320.061
319.397
318.688
317.952
318.902
319.638
320.347
321.012
321.615
322.142
322.58
322.919
323.149
323.266
323.266
323.149
322.919
322.58
322.142
321.615
321.012
320.347
319.638
318.902
)
;

boundaryField
{
    ".*" { type zeroGradient; }
}
