/*--------------------------------*- C++ -*----------------------------------*\
  =========                 |
  \\      /  F ield         | OpenFOAM: The Open Source CFD Toolbox
   \\    /   O peration     | Version:  v2306
    \\  /    A nd           | Website:  www.openfoam.com
     \\/     M anipulation  |
\*---------------------------------------------------------------------------*/
FoamFile
{
    version     2.0;
    format      ascii;
    arch        "LSB;label=32;scalar=64";
    class       volVectorField;
    location    "2";
    object      U;
}
// * * * * * * * * * * * * * * * * * * * * * * * * * * * * * * * * * * * * * //

dimensions      [0 1 -1 0 0 0 0];

internalField   nonuniform List<vector>
400
(
(0.000574936 -0.000574936 0)
(0.00508984 -0.00166853 0)
(0.0136777 -0.0025988 0)
(0.0254978 -0.00327468 0)
(0.0393933 -0.00363001 0)
(0.0540038 -0.00363001 0)
(0.0678992 -0.00327468 0)
(0.0797194 -0.0025988 0)
(0.0883072 -0.00166853 0)
(0.0928221 -0.000574936 0)
(0.0928221 0.000574936 0)
(0.0883072 0.00166853 0)
(0.0797194 0.0025988 0)
(0.0678992 0.00327468 0)
(0.0540038 0.00363001 0)
(0.0393933 0.00363001 0)
(0.0254978 0.00327468 0)
(0.0136777 0.0025988 0)
(0.00508984 0.00166853 0)
(0.000574936 0.000574936 0)
(0.00166853 -0.00508984 0)
(0.0147713 -0.0147713 0)
(0.0396942 -0.0230068 0)
(0.0739976 -0.0289903 0)
(0.114324 -0.032136 0)
(0.156725 -0.032136 0)
(0.197051 -0.0289903 0)
(0.231355 -0.0230068 0)
(0.256278 -0.0147713 0)
(0.26938 -0.00508984 0)
(0.26938 0.00508984 0)
(0.256278 0.0147713 0)
(0.231355 0.0230068 0)
(0.197051 0.0289903 0)
(0.156725 0.032136 0)
(0.114324 0.032136 0)
(0.0739976 0.0289903 0)
(0.0396942 0.0230068 0)
(0.0147713 0.0147713 0)
(0.00166853 0.00508984 0)
(0.00259885 -0.0136777 0)
(0.0230069 -0.0396942 0)
(0.0618252 -0.0618251 0)
(0.115254 -0.0779042 0)
(0.178063 -0.0863575 0)
(0.244105 -0.0863575 0)
(0.306915 -0.0779042 0)
(0.360343 -0.0618251 0)
(0.399162 -0.0396942 0)
(0.41957 -0.0136777 0)
(0.41957 0.0136777 0)
(0.399162 0.0396942 0)
(0.360343 0.0618251 0)
(0.306915 0.0779042 0)
(0.244105 0.0863575 0)
(0.178063 0.0863575 0)
(0.115254 0.0779042 0)
(0.0618252 0.0618251 0)
(0.0230069 0.0396942 0)
(0.00259885 0.0136777 0)
(0.00327551 -0.0254978 0)
(0.0289911 -0.0739976 0)
(0.0779051 -0.115254 0)
(0.145229 -0.145229 0)
(0.224374 -0.160987 0)
(0.307591 -0.160987 0)
(0.386736 -0.145229 0)
(0.45406 -0.115254 0)
(0.502974 -0.0739976 0)
(0.528689 -0.0254978 0)
(0.528689 0.0254978 0)
(0.502974 0.0739976 0)
(0.45406 0.115254 0)
(0.386736 0.145229 0)
(0.307591 0.160987 0)
(0.224374 0.160987 0)
(0.145229 0.145229 0)
(0.0779051 0.115254 0)
(0.0289911 0.0739976 0)
(0.00327551 0.0254978 0)
(0.00363625 -0.0393933 0)
(0.0321422 -0.114324 0)
(0.0863637 -0.178063 0)
(0.160993 -0.224373 0)
(0.248726 -0.248719 0)
(0.340973 -0.248719 0)
(0.428705 -0.224373 0)
(0.503335 -0.178063 0)
(0.557556 -0.114324 0)
(0.586062 -0.0393933 0)
(0.586062 0.0393933 0)
(0.557556 0.114324 0)
(0.503335 0.178063 0)
(0.428705 0.224373 0)
(0.340973 0.248719 0)
(0.248726 0.248719 0)
(0.160993 0.224373 0)
(0.0863637 0.178063 0)
(0.0321422 0.114324 0)
(0.00363625 0.0393933 0)
(0.00366109 -0.0540038 0)
(0.032167 -0.156725 0)
(0.0863886 -0.244105 0)
(0.161018 -0.30759 0)
(0.24875 -0.340967 0)
(0.340998 -0.340967 0)
(0.42873 -0.30759 0)
(0.503359 -0.244105 0)
(0.557581 -0.156725 0)
(0.586087 -0.0540038 0)
(0.586087 0.0540038 0)
(0.557581 0.156725 0)
(0.503359 0.244105 0)
(0.42873 0.30759 0)
(0.340998 0.340967 0)
(0.24875 0.340967 0)
(0.161018 0.30759 0)
(0.0863886 0.244105 0)
(0.032167 0.156725 0)
(0.00366109 0.0540038 0)
(0.00339295 -0.0678992 0)
(0.0291085 -0.197051 0)
(0.0780225 -0.306914 0)
(0.145347 -0.386735 0)
(0.224491 -0.428699 0)
(0.307709 -0.428699 0)
(0.386853 -0.386735 0)
(0.454177 -0.306914 0)
(0.503091 -0.197051 0)
(0.528807 -0.0678992 0)
(0.528807 0.0678992 0)
(0.503091 0.197051 0)
(0.454177 0.306914 0)
(0.386853 0.386735 0)
(0.307709 0.428699 0)
(0.224491 0.428699 0)
(0.145347 0.386735 0)
(0.0780225 0.306914 0)
(0.0291085 0.197051 0)
(0.00339295 0.0678992 0)
(0.00297039 -0.0797194 0)
(0.0233784 -0.231355 0)
(0.0621967 -0.360343 0)
(0.115626 -0.454059 0)
(0.178435 -0.503328 0)
(0.244477 -0.503328 0)
(0.307286 -0.454059 0)
(0.360715 -0.360343 0)
(0.399533 -0.231355 0)
(0.419941 -0.0797194 0)
(0.419941 0.0797194 0)
(0.399533 0.231355 0)
(0.360715 0.360343 0)
(0.307286 0.454059 0)
(0.244477 0.503328 0)
(0.178435 0.503328 0)
(0.115626 0.454059 0)
(0.0621967 0.360343 0)
(0.0233784 0.231355 0)
(0.00297039 0.0797194 0)
(0.00267995 -0.0883072 0)
(0.0157827 -0.256278 0)
(0.0407056 -0.399162 0)
(0.075009 -0.502973 0)
(0.115335 -0.55755 0)
(0.157737 -0.55755 0)
(0.198063 -0.502973 0)
(0.232366 -0.399162 0)
(0.257289 -0.256278 0)
(0.270392 -0.0883072 0)
(0.270392 0.0883072 0)
(0.257289 0.256278 0)
(0.232366 0.399162 0)
(0.198063 0.502973 0)
(0.157737 0.55755 0)
(0.115335 0.55755 0)
(0.075009 0.502973 0)
(0.0407056 0.399162 0)
(0.0157827 0.256278 0)
(0.00267995 0.0883072 0)
(0.0030374 -0.0928221 0)
(0.0075523 -0.26938 0)
(0.0161401 -0.41957 0)
(0.0279603 -0.528689 0)
(0.0418557 -0.586056 0)
(0.0564663 -0.586056 0)
(0.0703617 -0.528689 0)
(0.0821818 -0.41957 0)
(0.0907697 -0.26938 0)
(0.0952846 -0.0928221 0)
(0.0952846 0.0928221 0)
(0.0907697 0.26938 0)
(0.0821818 0.41957 0)
(0.0703617 0.528689 0)
(0.0564663 0.586056 0)
(0.0418557 0.586056 0)
(0.0279603 0.528689 0)
(0.0161401 0.41957 0)
(0.0075523 0.26938 0)
(0.0030374 0.0928221 0)
(0.00490904 -0.0928221 0)
(0.000394138 -0.26938 0)
(-0.00819371 -0.41957 0)
(-0.0200139 -0.528689 0)
(-0.0339093 -0.586056 0)
(-0.0485198 -0.586056 0)
(-0.0624153 -0.528689 0)
(-0.0742354 -0.41957 0)
(-0.0828233 -0.26938 0)
(-0.0873382 -0.0928221 0)
(-0.0873382 0.0928221 0)
(-0.0828233 0.26938 0)
(-0.0742354 0.41957 0)
(-0.0624153 0.528689 0)
(-0.0485198 0.586056 0)
(-0.0339093 0.586056 0)
(-0.0200139 0.528689 0)
(-0.00819371 0.41957 0)
(0.000394138 0.26938 0)
(0.00490904 0.0928221 0)
(0.00968586 -0.0883072 0)
(-0.00341689 -0.256278 0)
(-0.0283398 -0.399162 0)
(-0.0626432 -0.502973 0)
(-0.102969 -0.55755 0)
(-0.145371 -0.55755 0)
(-0.185697 -0.502973 0)
(-0.22 -0.399162 0)
(-0.244923 -0.256278 0)
(-0.258026 -0.0883072 0)
(-0.258026 0.0883072 0)
(-0.244923 0.256278 0)
(-0.22 0.399162 0)
(-0.185697 0.502973 0)
(-0.145371 0.55755 0)
(-0.102969 0.55755 0)
(-0.0626432 0.502973 0)
(-0.0283398 0.399162 0)
(-0.00341689 0.256278 0)
(0.00968586 0.0883072 0)
(0.0195251 -0.0797194 0)
(-0.000882936 -0.231355 0)
(-0.0397013 -0.360343 0)
(-0.0931301 -0.454059 0)
(-0.15594 -0.503328 0)
(-0.221981 -0.503328 0)
(-0.284791 -0.454059 0)
(-0.338219 -0.360343 0)
(-0.377038 -0.231355 0)
(-0.397446 -0.0797194 0)
(-0.397446 0.0797194 0)
(-0.377038 0.231355 0)
(-0.338219 0.360343 0)
(-0.284791 0.454059 0)
(-0.221981 0.503328 0)
(-0.15594 0.503328 0)
(-0.0931301 0.454059 0)
(-0.0397013 0.360343 0)
(-0.000882936 0.231355 0)
(0.0195251 0.0797194 0)
(0.0376751 -0.0678992 0)
(0.0119595 -0.197051 0)
(-0.0369545 -0.306914 0)
(-0.104279 -0.386735 0)
(-0.183423 -0.428699 0)
(-0.266641 -0.428699 0)
(-0.345785 -0.386735 0)
(-0.413109 -0.306914 0)
(-0.462023 -0.197051 0)
(-0.487739 -0.0678992 0)
(-0.487739 0.0678992 0)
(-0.462023 0.197051 0)
(-0.413109 0.306914 0)
(-0.345785 0.386735 0)
(-0.266641 0.428699 0)
(-0.183423 0.428699 0)
(-0.104279 0.386735 0)
(-0.0369545 0.306914 0)
(0.0119595 0.197051 0)
(0.0376751 0.0678992 0)
(0.0689012 -0.0540038 0)
(0.0403953 -0.156725 0)
(-0.0138263 -0.244105 0)
(-0.0884558 -0.30759 0)
(-0.176188 -0.340967 0)
(-0.268435 -0.340967 0)
(-0.356168 -0.30759 0)
(-0.430797 -0.244105 0)
(-0.485019 -0.156725 0)
(-0.513525 -0.0540038 0)
(-0.513525 0.0540038 0)
(-0.485019 0.156725 0)
(-0.430797 0.244105 0)
(-0.356168 0.30759 0)
(-0.268435 0.340967 0)
(-0.176188 0.340967 0)
(-0.0884558 0.30759 0)
(-0.0138263 0.244105 0)
(0.0403953 0.156725 0)
(0.0689012 0.0540038 0)
(0.120032 -0.0393933 0)
(0.0915256 -0.114324 0)
(0.037304 -0.178063 0)
(-0.0373255 -0.224373 0)
(-0.125058 -0.248719 0)
(-0.217305 -0.248719 0)
(-0.305037 -0.224373 0)
(-0.379667 -0.178063 0)
(-0.433888 -0.114324 0)
(-0.462394 -0.0393933 0)
(-0.462394 0.0393933 0)
(-0.433888 0.114324 0)
(-0.379667 0.178063 0)
(-0.305037 0.224373 0)
(-0.217305 0.248719 0)
(-0.125058 0.248719 0)
(-0.0373255 0.224373 0)
(0.037304 0.178063 0)
(0.0915256 0.114324 0)
(0.120032 0.0393933 0)
(0.200642 -0.0254978 0)
(0.174926 -0.0739976 0)
(0.126012 -0.115254 0)
(0.0586881 -0.145229 0)
(-0.0204564 -0.160987 0)
(-0.103674 -0.160987 0)
(-0.182818 -0.145229 0)
(-0.250143 -0.115254 0)
(-0.299056 -0.0739976 0)
(-0.324772 -0.0254978 0)
(-0.324772 0.0254978 0)
(-0.299056 0.0739976 0)
(-0.250143 0.115254 0)
(-0.182818 0.145229 0)
(-0.103674 0.160987 0)
(-0.0204564 0.160987 0)
(0.0586881 0.145229 0)
(0.126012 0.115254 0)
(0.174926 0.0739976 0)
(0.200642 0.0254978 0)
(0.323903 -0.0136777 0)
(0.303495 -0.0396942 0)
(0.264676 -0.0618251 0)
(0.211248 -0.0779042 0)
(0.148438 -0.0863575 0)
(0.0823965 -0.0863575 0)
(0.0195872 -0.0779042 0)
(-0.0338417 -0.0618251 0)
(-0.07266 -0.0396942 0)
(-0.093068 -0.0136777 0)
(-0.093068 0.0136777 0)
(-0.07266 0.0396942 0)
(-0.0338417 0.0618251 0)
(0.0195872 0.0779042 0)
(0.0823965 0.0863575 0)
(0.148438 0.0863575 0)
(0.211248 0.0779042 0)
(0.264676 0.0618251 0)
(0.303495 0.0396942 0)
(0.323903 0.0136777 0)
(0.507609 -0.00508984 0)
(0.494507 -0.0147713 0)
(0.469584 -0.0230068 0)
(0.43528 -0.0289903 0)
(0.394954 -0.032136 0)
(0.352553 -0.032136 0)
(0.312227 -0.0289903 0)
(0.277923 -0.0230068 0)
(0.253 -0.0147713 0)
(0.239898 -0.00508984 0)
(0.239898 0.00508984 0)
(0.253 0.0147713 0)
(0.277923 0.0230068 0)
(0.312227 0.0289903 0)
(0.352553 0.032136 0)
(0.394954 0.032136 0)
(0.43528 0.0289903 0)
(0.469584 0.0230068 0)
(0.494507 0.0147713 0)
(0.507609 0.00508984 0)
(0.775418 -0.000574936 0)
(0.770903 -0.00166853 0)
(0.762315 -0.0025988 0)
(0.750495 -0.00327468 0)
(0.7366 -0.00363001 0)
(0.721989 -0.00363001 0)
(0.708094 -0.00327468 0)
(0.696274 -0.0025988 0)
(0.687686 -0.00166853 0)
(0.683171 -0.000574936 0)
(0.683171 0.000574936 0)
(0.687686 0.00166853 0)
(0.696274 0.0025988 0)
(0.708094 0.00327468 0)
(0.721989 0.00363001 0)
(0.7366 0.00363001 0)
(0.750495 0.00327468 0)
(0.762315 0.0025988 0)
(0.770903 0.00166853 0)
(0.775418 0.000574936 0)
)
;

boundaryField
{
    movingWall { type fixedValue; value uniform (1 0 0); }
    fixedWalls { type noSlip; }
    frontAndBack { type empty; }
}
