/*--------------------------------*- C++ -*----------------------------------*\
  =========                 |
  \\      /  F ield         | OpenFOAM: The Open Source CFD Toolbox
   \\    /   O peration     | Version:  v2306
    \\  /    A nd           | Website:  www.openfoam.com
     \\/     M anipulation  |
\*---------------------------------------------------------------------------*/
FoamFile
{
    version     2.0;
    format      ascii;
    arch        "LSB;label=32;scalar=64";
    class       volScalarField;
    location    "1";
    object      p;
}
// * * * * * * * * * * * * * * * * * * * * * * * * * * * * * * * * * * * * * //

dimensions      [0 2 -2 0 0 0 0];

internalField   nonuniform List<scalar>
400
(
0.0386042
0.0376442
0.0357113
0.0327966
0.0289227
0.02417
0.0186887
0.0126927
0.00643269
0.000158549
-0.00591791
-0.0116471
-0.0169452
-0.0217775
-0.0261282
-0.0299688
-0.0332383
-0.0358409
-0.0376634
-0.0386046
0.0376442
0.0365808
0.0341917
0.0300935
0.0240074
0.0159754
0.00647675
-0.00361166
-0.0132062
-0.0212977
-0.0272246
-0.0308408
-0.0325197
-0.032993
-0.0330842
-0.033434
-0.0343154
-0.0355987
-0.0368725
-0.0376634
0.0357113
0.0341917
0.0306
0.0241305
0.0141992
0.000899193
-0.0147594
-0.030941
-0.0453994
-0.0560815
-0.0617128
-0.0621545
-0.0584075
-0.0522609
-0.0457139
-0.0403777
-0.0370663
-0.03571
-0.0355987
-0.0358409
0.0327966
0.0300935
0.0241305
0.0141409
-0.000303023
-0.0187731
-0.0397307
-0.0606703
-0.0786488
-0.0910358
-0.0962328
-0.094112
-0.0860189
-0.0743405
-0.0617919
-0.0506716
-0.0423371
-0.0370664
-0.0343154
-0.0332383
0.0289227
0.0240073
0.0141989
-0.000303569
-0.0188909
-0.0403488
-0.062817
-0.0839652
-0.10137
-0.112993
-0.117628
-0.11516
-0.106572
-0.0936829
-0.0787141
-0.0638108
-0.0506721
-0.040378
-0.0334342
-0.0299688
0.0241699
0.0159748
0.000897408
-0.0187763
-0.0403526
-0.0613338
-0.0798713
-0.0949411
-0.106226
-0.113797
-0.117756
-0.118004
-0.114249
-0.106233
-0.0941008
-0.0787178
-0.0617951
-0.0457157
-0.0330848
-0.0261282
0.0186884
0.00647446
-0.0147656
-0.0397419
-0.062833
-0.0798867
-0.0893988
-0.0926557
-0.0928292
-0.093407
-0.0965917
-0.102305
-0.108189
-0.110608
-0.106249
-0.0936989
-0.0743517
-0.0522671
-0.0329953
-0.0217778
0.012692
-0.00361742
-0.0309564
-0.0606987
-0.0840074
-0.0949913
-0.092696
-0.0811946
-0.0677682
-0.0598966
-0.0622291
-0.0747084
-0.0925716
-0.10823
-0.114299
-0.106614
-0.0860473
-0.0584229
-0.0325255
-0.0169459
0.00643122
-0.0132165
-0.0454265
-0.0786989
-0.101445
-0.106321
-0.092923
-0.0678258
-0.0419579
-0.0263298
-0.0277527
-0.0461916
-0.074766
-0.102399
-0.118099
-0.115235
-0.0941621
-0.0621817
-0.0308511
-0.0116485
0.000155576
-0.0213081
-0.056106
-0.0910795
-0.113058
-0.113876
-0.093479
-0.0599256
-0.0262947
-0.00567484
-0.00615307
-0.0277176
-0.0622581
-0.0966637
-0.117835
-0.117693
-0.0962765
-0.0617373
-0.027235
-0.00592088
-0.00592586
-0.027216
-0.0616727
-0.0961491
-0.117491
-0.117556
-0.0963111
-0.0618427
-0.0272566
-0.00566805
-0.00518983
-0.0258336
-0.0595102
-0.0931263
-0.113597
-0.112857
-0.0909521
-0.0560414
-0.0212891
0.000150606
-0.0116775
-0.0307718
-0.0618963
-0.0935932
-0.114333
-0.116846
-0.100813
-0.0728964
-0.044116
-0.0255688
-0.0241459
-0.0398823
-0.0659562
-0.091337
-0.105068
-0.100543
-0.07813
-0.0451412
-0.0131372
0.00640227
-0.0170703
-0.0323431
-0.0576568
-0.0844778
-0.1041
-0.110792
-0.103778
-0.0873168
-0.0688699
-0.0560838
-0.0537512
-0.0619297
-0.0759398
-0.0882446
-0.0914843
-0.0814935
-0.0591292
-0.0301903
-0.00343501
0.0125675
-0.0222483
-0.03276
-0.050689
-0.0709255
-0.0881
-0.0983654
-0.100552
-0.0962853
-0.0890584
-0.0826391
-0.0794544
-0.0795825
-0.0807517
-0.0793429
-0.0720035
-0.0572341
-0.0363157
-0.0131875
0.00670984
0.0182179
-0.0277104
-0.0332844
-0.0432854
-0.055745
-0.0684125
-0.0793213
-0.0871984
-0.0915943
-0.0927199
-0.0910887
-0.0871302
-0.0809417
-0.0722865
-0.0608365
-0.0465542
-0.0300472
-0.0127262
0.00332775
0.0157752
0.0225877
-0.0347796
-0.0358886
-0.0383503
-0.0424753
-0.0483618
-0.0556396
-0.0633562
-0.070076
-0.0741822
-0.0742939
-0.069659
-0.0603918
-0.0474695
-0.0324903
-0.0172744
-0.00344187
0.00789324
0.0162266
0.0215529
0.0241119
-0.0466892
-0.0442612
-0.040345
-0.0364392
-0.0339859
-0.0337634
-0.0355242
-0.038026
-0.039452
-0.0380677
-0.0328706
-0.0239888
-0.0126774
-0.000914383
0.00925542
0.0163827
0.0200389
0.0208519
0.0201477
0.0193456
-0.070902
-0.0662059
-0.0578454
-0.0475413
-0.0371449
-0.028068
-0.0209073
-0.0153935
-0.0106687
-0.00577301
-0.000141735
0.00608651
0.012073
0.0165942
0.0185451
0.017432
0.0136556
0.0084646
0.0035844
0.000650145
-0.123778
-0.118527
-0.108769
-0.0958085
-0.0811995
-0.0664156
-0.0525968
-0.0404461
-0.030283
-0.0222064
-0.0162795
-0.0126484
-0.011538
-0.013127
-0.0173559
-0.0237581
-0.0313996
-0.0389789
-0.0450739
-0.0484708
-0.239558
-0.236275
-0.229998
-0.221265
-0.210788
-0.199369
-0.187811
-0.176847
-0.167095
-0.159024
-0.152947
-0.149015
-0.147209
-0.147344
-0.149071
-0.151896
-0.15523
-0.158446
-0.160968
-0.16235
)
;

boundaryField
{
    ".*" { type zeroGradient; }
}
