/*--------------------------------*- C++ -*----------------------------------*\
  =========                 |
  \\      /  F ield         | OpenFOAM: The Open Source CFD Toolbox
   \\    /   O peration     | Version:  v2306
    \\  /    A nd           | Website:  www.openfoam.com
     \\/     M anipulation  |
\*---------------------------------------------------------------------------*/
FoamFile
{
    version     2.0;
    format      ascii;
    arch        "LSB;label=32;scalar=64";
    class       volSymmTensorField;
    location    "1";
    object      sigma;
}
// * * * * * * * * * * * * * * * * * * * * * * * * * * * * * * * * * * * * * //

dimensions      [1 -1 -2 0 0 0 0];

internalField   nonuniform List<symmTensor>
400
(
(50.5 0.125 0 100.375 0 150)
(51.5 0.125 0 100.375 0 150)
(52.5 0.125 0 100.375 0 150)
(53.5 0.125 0 100.375 0 150)
(54.5 0.125 0 100.375 0 150)
(55.5 0.125 0 100.375 0 150)
(56.5 0.125 0 100.375 0 150)
(57.5 0.125 0 100.375 0 150)
(58.5 0.125 0 100.375 0 150)
(59.5 0.125 0 100.375 0 150)
(60.5 0.125 0 100.375 0 150)
(61.5 0.125 0 100.375 0 150)
(62.5 0.125 0 100.375 0 150)
(63.5 0.125 0 100.375 0 150)
(64.5 0.125 0 100.375 0 150)
(65.5 0.125 0 100.375 0 150)
(66.5 0.125 0 100.375 0 150)
(67.5 0.125 0 100.375 0 150)
(68.5 0.125 0 100.375 0 150)
(69.5 0.125 0 100.375 0 150)
(50.5 0.375 0 101.125 0 150)
(51.5 0.375 0 101.125 0 150)
(52.5 0.375 0 101.125 0 150)
(53.5 0.375 0 101.125 0 150)
(54.5 0.375 0 101.125 0 150)
(55.5 0.375 0 101.125 0 150)
(56.5 0.375 0 101.125 0 150)
(57.5 0.375 0 101.125 0 150)
(58.5 0.375 0 101.125 0 150)
(59.5 0.375 0 101.125 0 150)
(60.5 0.375 0 101.125 0 150)
(61.5 0.375 0 101.125 0 150)
(62.5 0.375 0 101.125 0 150)
(63.5 0.375 0 101.125 0 150)
(64.5 0.375 0 101.125 0 150)
(65.5 0.375 0 101.125 0 150)
(66.5 0.375 0 101.125 0 150)
(67.5 0.375 0 101.125 0 150)
(68.5 0.375 0 101.125 0 150)
(69.5 0.375 0 101.125 0 150)
(50.5 0.625 0 101.875 0 150)
(51.5 0.625 0 101.875 0 150)
(52.5 0.625 0 101.875 0 150)
(53.5 0.625 0 101.875 0 150)
(54.5 0.625 0 101.875 0 150)
(55.5 0.625 0 101.875 0 150)
(56.5 0.625 0 101.875 0 150)
(57.5 0.625 0 101.875 0 150)
(58.5 0.625 0 101.875 0 150)
(59.5 0.625 0 101.875 0 150)
(60.5 0.625 0 101.875 0 150)
(61.5 0.625 0 101.875 0 150)
(62.5 0.625 0 101.875 0 150)
(63.5 0.625 0 101.875 0 150)
(64.5 0.625 0 101.875 0 150)
(65.5 0.625 0 101.875 0 150)
(66.5 0.625 0 101.875 0 150)
(67.5 0.625 0 101.875 0 150)
(68.5 0.625 0 101.875 0 150)
(69.5 0.625 0 101.875 0 150)
(50.5 0.875 0 102.625 0 150)
(51.5 0.875 0 102.625 0 150)
(52.5 0.875 0 102.625 0 150)
(53.5 0.875 0 102.625 0 150)
(54.5 0.875 0 102.625 0 150)
(55.5 0.875 0 102.625 0 150)
(56.5 0.875 0 102.625 0 150)
(57.5 0.875 0 102.625 0 150)
(58.5 0.875 0 102.625 0 150)
(59.5 0.875 0 102.625 0 150)
(60.5 0.875 0 102.625 0 150)
(61.5 0.875 0 102.625 0 150)
(62.5 0.875 0 102.625 0 150)
(63.5 0.875 0 102.625 0 150)
(64.5 0.875 0 102.625 0 150)
(65.5 0.875 0 102.625 0 150)
(66.5 0.875 0 102.625 0 150)
(67.5 0.875 0 102.625 0 150)
(68.5 0.875 0 102.625 0 150)
(69.5 0.875 0 102.625 0 150)
(50.5 1.125 0 103.375 0 150)
(51.5 1.125 0 103.375 0 150)
(52.5 1.125 0 103.375 0 150)
(53.5 1.125 0 103.375 0 150)
(54.5 1.125 0 103.375 0 150)
(55.5 1.125 0 103.375 0 150)
(56.5 1.125 0 103.375 0 150)
(57.5 1.125 0 103.375 0 150)
(58.5 1.125 0 103.375 0 150)
(59.5 1.125 0 103.375 0 150)
(60.5 1.125 0 103.375 0 150)
(61.5 1.125 0 103.375 0 150)
(62.5 1.125 0 103.375 0 150)
(63.5 1.125 0 103.375 0 150)
(64.5 1.125 0 103.375 0 150)
(65.5 1.125 0 103.375 0 150)
(66.5 1.125 0 103.375 0 150)
(67.5 1.125 0 103.375 0 150)
(68.5 1.125 0 103.375 0 150)
(69.5 1.125 0 103.375 0 150)
(50.5 1.375 0 104.125 0 150)
(51.5 1.375 0 104.125 0 150)
(52.5 1.375 0 104.125 0 150)
(53.5 1.375 0 104.125 0 150)
(54.5 1.375 0 104.125 0 150)
(55.5 1.375 0 104.125 0 150)
(56.5 1.375 0 104.125 0 150)
(57.5 1.375 0 104.125 0 150)
(58.5 1.375 0 104.125 0 150)
(59.5 1.375 0 104.125 0 150)
(60.5 1.375 0 104.125 0 150)
(61.5 1.375 0 104.125 0 150)
(62.5 1.375 0 104.125 0 150)
(63.5 1.375 0 104.125 0 150)
(64.5 1.375 0 104.125 0 150)
(65.5 1.375 0 104.125 0 150)
(66.5 1.375 0 104.125 0 150)
(67.5 1.375 0 104.125 0 150)
(68.5 1.375 0 104.125 0 150)
(69.5 1.375 0 104.125 0 150)
(50.5 1.625 0 104.875 0 150)
(51.5 1.625 0 104.875 0 150)
(52.5 1.625 0 104.875 0 150)
(53.5 1.625 0 104.875 0 150)
(54.5 1.625 0 104.875 0 150)
(55.5 1.625 0 104.875 0 150)
(56.5 1.625 0 104.875 0 150)
(57.5 1.625 0 104.875 0 150)
(58.5 1.625 0 104.875 0 150)
(59.5 1.625 0 104.875 0 150)
(60.5 1.625 0 104.875 0 150)
(61.5 1.625 0 104.875 0 150)
(62.5 1.625 0 104.875 0 150)
(63.5 1.625 0 104.875 0 150)
(64.5 1.625 0 104.875 0 150)
(65.5 1.625 0 104.875 0 150)
(66.5 1.625 0 104.875 0 150)
(67.5 1.625 0 104.875 0 150)
(68.5 1.625 0 104.875 0 150)
(69.5 1.625 0 104.875 0 150)
(50.5 1.875 0 105.625 0 150)
(51.5 1.875 0 105.625 0 150)
(52.5 1.875 0 105.625 0 150)
(53.5 1.875 0 105.625 0 150)
(54.5 1.875 0 105.625 0 150)
(55.5 1.875 0 105.625 0 150)
(56.5 1.875 0 105.625 0 150)
(57.5 1.875 0 105.625 0 150)
(58.5 1.875 0 105.625 0 150)
(59.5 1.875 0 105.625 0 150)
(60.5 1.875 0 105.625 0 150)
(61.5 1.875 0 105.625 0 150)
(62.5 1.875 0 105.625 0 150)
(63.5 1.875 0 105.625 0 150)
(64.5 1.875 0 105.625 0 150)
(65.5 1.875 0 105.625 0 150)
(66.5 1.875 0 105.625 0 150)
(67.5 1.875 0 105.625 0 150)
(68.5 1.875 0 105.625 0 150)
(69.5 1.875 0 105.625 0 150)
(50.5 2.125 0 106.375 0 150)
(51.5 2.125 0 106.375 0 150)
(52.5 2.125 0 106.375 0 150)
(53.5 2.125 0 106.375 0 150)
(54.5 2.125 0 106.375 0 150)
(55.5 2.125 0 106.375 0 150)
(56.5 2.125 0 106.375 0 150)
(57.5 2.125 0 106.375 0 150)
(58.5 2.125 0 106.375 0 150)
(59.5 2.125 0 106.375 0 150)
(60.5 2.125 0 106.375 0 150)
(61.5 2.125 0 106.375 0 150)
(62.5 2.125 0 106.375 0 150)
(63.5 2.125 0 106.375 0 150)
(64.5 2.125 0 106.375 0 150)
(65.5 2.125 0 106.375 0 150)
(66.5 2.125 0 106.375 0 150)
(67.5 2.125 0 106.375 0 150)
(68.5 2.125 0 106.375 0 150)
(69.5 2.125 0 106.375 0 150)
(50.5 2.375 0 107.125 0 150)
(51.5 2.375 0 107.125 0 150)
(52.5 2.375 0 107.125 0 150)
(53.5 2.375 0 107.125 0 150)
(54.5 2.375 0 107.125 0 150)
(55.5 2.375 0 107.125 0 150)
(56.5 2.375 0 107.125 0 150)
(57.5 2.375 0 107.125 0 150)
(58.5 2.375 0 107.125 0 150)
(59.5 2.375 0 107.125 0 150)
(60.5 2.375 0 107.125 0 150)
(61.5 2.375 0 107.125 0 150)
(62.5 2.375 0 107.125 0 150)
(63.5 2.375 0 107.125 0 150)
(64.5 2.375 0 107.125 0 150)
(65.5 2.375 0 107.125 0 150)
(66.5 2.375 0 107.125 0 150)
(67.5 2.375 0 107.125 0 150)
(68.5 2.375 0 107.125 0 150)
(69.5 2.375 0 107.125 0 150)
(50.5 2.625 0 107.875 0 150)
(51.5 2.625 0 107.875 0 150)
(52.5 2.625 0 107.875 0 150)
(53.5 2.625 0 107.875 0 150)
(54.5 2.625 0 107.875 0 150)
(55.5 2.625 0 107.875 0 150)
(56.5 2.625 0 107.875 0 150)
(57.5 2.625 0 107.875 0 150)
(58.5 2.625 0 107.875 0 150)
(59.5 2.625 0 107.875 0 150)
(60.5 2.625 0 107.875 0 150)
(61.5 2.625 0 107.875 0 150)
(62.5 2.625 0 107.875 0 150)
(63.5 2.625 0 107.875 0 150)
(64.5 2.625 0 107.875 0 150)
(65.5 2.625 0 107.875 0 150)
(66.5 2.625 0 107.875 0 150)
(67.5 2.625 0 107.875 0 150)
(68.5 2.625 0 107.875 0 150)
(69.5 2.625 0 107.875 0 150)
(50.5 2.875 0 108.625 0 150)
(51.5 2.875 0 108.625 0 150)
(52.5 2.875 0 108.625 0 150)
(53.5 2.875 0 108.625 0 150)
(54.5 2.875 0 108.625 0 150)
(55.5 2.875 0 108.625 0 150)
(56.5 2.875 0 108.625 0 150)
(57.5 2.875 0 108.625 0 150)
(58.5 2.875 0 108.625 0 150)
(59.5 2.875 0 108.625 0 150)
(60.5 2.875 0 108.625 0 150)
(61.5 2.875 0 108.625 0 150)
(62.5 2.875 0 108.625 0 150)
(63.5 2.875 0 108.625 0 150)
(64.5 2.875 0 108.625 0 150)
(65.5 2.875 0 108.625 0 150)
(66.5 2.875 0 108.625 0 150)
(67.5 2.875 0 108.625 0 150)
(68.5 2.875 0 108.625 0 150)
(69.5 2.875 0 108.625 0 150)
(50.5 3.125 0 109.375 0 150)
(51.5 3.125 0 109.375 0 150)
(52.5 3.125 0 109.375 0 150)
(53.5 3.125 0 109.375 0 150)
(54.5 3.125 0 109.375 0 150)
(55.5 3.125 0 109.375 0 150)
(56.5 3.125 0 109.375 0 150)
(57.5 3.125 0 109.375 0 150)
(58.5 3.125 0 109.375 0 150)
(59.5 3.125 0 109.375 0 150)
(60.5 3.125 0 109.375 0 150)
(61.5 3.125 0 109.375 0 150)
(62.5 3.125 0 109.375 0 150)
(63.5 3.125 0 109.375 0 150)
(64.5 3.125 0 109.375 0 150)
(65.5 3.125 0 109.375 0 150)
(66.5 3.125 0 109.375 0 150)
(67.5 3.125 0 109.375 0 150)
(68.5 3.125 0 109.375 0 150)
(69.5 3.125 0 109.375 0 150)
(50.5 3.375 0 110.125 0 150)
(51.5 3.375 0 110.125 0 150)
(52.5 3.375 0 110.125 0 150)
(53.5 3.375 0 110.125 0 150)
(54.5 3.375 0 110.125 0 150)
(55.5 3.375 0 110.125 0 150)
(56.5 3.375 0 110.125 0 150)
(57.5 3.375 0 110.125 0 150)
(58.5 3.375 0 110.125 0 150)
(59.5 3.375 0 110.125 0 150)
(60.5 3.375 0 110.125 0 150)
(61.5 3.375 0 110.125 0 150)
(62.5 3.375 0 110.125 0 150)
(63.5 3.375 0 110.125 0 150)
(64.5 3.375 0 110.125 0 150)
(65.5 3.375 0 110.125 0 150)
(66.5 3.375 0 110.125 0 150)
(67.5 3.375 0 110.125 0 150)
(68.5 3.375 0 110.125 0 150)
(69.5 3.375 0 110.125 0 150)
(50.5 3.625 0 110.875 0 150)
(51.5 3.625 0 110.875 0 150)
(52.5 3.625 0 110.875 0 150)
(53.5 3.625 0 110.875 0 150)
(54.5 3.625 0 110.875 0 150)
(55.5 3.625 0 110.875 0 150)
(56.5 3.625 0 110.875 0 150)
(57.5 3.625 0 110.875 0 150)
(58.5 3.625 0 110.875 0 150)
(59.5 3.625 0 110.875 0 150)
(60.5 3.625 0 110.875 0 150)
(61.5 3.625 0 110.875 0 150)
(62.5 3.625 0 110.875 0 150)
(63.5 3.625 0 110.875 0 150)
(64.5 3.625 0 110.875 0 150)
(65.5 3.625 0 110.875 0 150)
(66.5 3.625 0 110.875 0 150)
(67.5 3.625 0 110.875 0 150)
(68.5 3.625 0 110.875 0 150)
(69.5 3.625 0 110.875 0 150)
(50.5 3.875 0 111.625 0 150)
(51.5 3.875 0 111.625 0 150)
(52.5 3.875 0 111.625 0 150)
(53.5 3.875 0 111.625 0 150)
(54.5 3.875 0 111.625 0 150)
(55.5 3.875 0 111.625 0 150)
(56.5 3.875 0 111.625 0 150)
(57.5 3.875 0 111.625 0 150)
(58.5 3.875 0 111.625 0 150)
(59.5 3.875 0 111.625 0 150)
(60.5 3.875 0 111.625 0 150)
(61.5 3.875 0 111.625 0 150)
(62.5 3.875 0 111.625 0 150)
(63.5 3.875 0 111.625 0 150)
(64.5 3.875 0 111.625 0 150)
(65.5 3.875 0 111.625 0 150)
(66.5 3.875 0 111.625 0 150)
(67.5 3.875 0 111.625 0 150)
(68.5 3.875 0 111.625 0 150)
(69.5 3.875 0 111.625 0 150)
(50.5 4.125 0 112.375 0 150)
(51.5 4.125 0 112.375 0 150)
(52.5 4.125 0 112.375 0 150)
(53.5 4.125 0 112.375 0 150)
(54.5 4.125 0 112.375 0 150)
(55.5 4.125 0 112.375 0 150)
(56.5 4.125 0 112.375 0 150)
(57.5 4.125 0 112.375 0 150)
(58.5 4.125 0 112.375 0 150)
(59.5 4.125 0 112.375 0 150)
(60.5 4.125 0 112.375 0 150)
(61.5 4.125 0 112.375 0 150)
(62.5 4.125 0 112.375 0 150)
(63.5 4.125 0 112.375 0 150)
(64.5 4.125 0 112.375 0 150)
(65.5 4.125 0 112.375 0 150)
(66.5 4.125 0 112.375 0 150)
(67.5 4.125 0 112.375 0 150)
(68.5 4.125 0 112.375 0 150)
(69.5 4.125 0 112.375 0 150)
(50.5 4.375 0 113.125 0 150)
(51.5 4.375 0 113.125 0 150)
(52.5 4.375 0 113.125 0 150)
(53.5 4.375 0 113.125 0 150)
(54.5 4.375 0 113.125 0 150)
(55.5 4.375 0 113.125 0 150)
(56.5 4.375 0 113.125 0 150)
(57.5 4.375 0 113.125 0 150)
(58.5 4.375 0 113.125 0 150)
(59.5 4.375 0 113.125 0 150)
(60.5 4.375 0 113.125 0 150)
(61.5 4.375 0 113.125 0 150)
(62.5 4.375 0 113.125 0 150)
(63.5 4.375 0 113.125 0 150)
(64.5 4.375 0 113.125 0 150)
(65.5 4.375 0 113.125 0 150)
(66.5 4.375 0 113.125 0 150)
(67.5 4.375 0 113.125 0 150)
(68.5 4.375 0 113.125 0 150)
(69.5 4.375 0 113.125 0 150)
(50.5 4.625 0 113.875 0 150)
(51.5 4.625 0 113.875 0 150)
(52.5 4.625 0 113.875 0 150)
(53.5 4.625 0 113.875 0 150)
(54.5 4.625 0 113.875 0 150)
(55.5 4.625 0 113.875 0 150)
(56.5 4.625 0 113.875 0 150)
(57.5 4.625 0 113.875 0 150)
(58.5 4.625 0 113.875 0 150)
(59.5 4.625 0 113.875 0 150)
(60.5 4.625 0 113.875 0 150)
(61.5 4.625 0 113.875 0 150)
(62.5 4.625 0 113.875 0 150)
(63.5 4.625 0 113.875 0 150)
(64.5 4.625 0 113.875 0 150)
(65.5 4.625 0 113.875 0 150)
(66.5 4.625 0 113.875 0 150)
(67.5 4.625 0 113.875 0 150)
(68.5 4.625 0 113.875 0 150)
(69.5 4.625 0 113.875 0 150)
(50.5 4.875 0 114.625 0 150)
(51.5 4.875 0 114.625 0 150)
(52.5 4.875 0 114.625 0 150)
(53.5 4.875 0 114.625 0 150)
(54.5 4.875 0 114.625 0 150)
(55.5 4.875 0 114.625 0 150)
(56.5 4.875 0 114.625 0 150)
(57.5 4.875 0 114.625 0 150)
(58.5 4.875 0 114.625 0 150)
(59.5 4.875 0 114.625 0 150)
(60.5 4.875 0 114.625 0 150)
(61.5 4.875 0 114.625 0 150)
(62.5 4.875 0 114.625 0 150)
(63.5 4.875 0 114.625 0 150)
(64.5 4.875 0 114.625 0 150)
(65.5 4.875 0 114.625 0 150)
(66.5 4.875 0 114.625 0 150)
(67.5 4.875 0 114.625 0 150)
(68.5 4.875 0 114.625 0 150)
(69.5 4.875 0 114.625 0 150)
)
;

boundaryField
{
    ".*" { type zeroGradient; }
}
