/*--------------------------------*- C++ -*----------------------------------*\
  =========                 |
  \\      /  F ield         | OpenFOAM: The Open Source CFD Toolbox
   \\    /   O peration     | Version:  v2306
    \\  /    A nd           | Website:  www.openfoam.com
     \\/     M anipulation  |
\*---------------------------------------------------------------------------*/
FoamFile
{
    version     2.0;
    format      ascii;
    arch        "LSB;label=32;scalar=64";
    class       volScalarField;
    location    "1";
    object      T;
}
// * * * * * * * * * * * * * * * * * * * * * * * * * * * * * * * * * * * * * //

dimensions      [0 0 0 1 0 0 0];

internalField   nonuniform List<scalar>
400
(
300.693
301.295
301.875
302.418
302.911
303.342
303.7
303.977
304.165
304.261
304.261
304.165
303.977
303.7
303.342
302.911
302.418
301.875
301.295
300.693
301.47
302.072
302.652
303.195
303.688
304.119
304.477
304.754
304.942
305.038
305.038
304.942
304.754
304.477
304.119
303.688
303.195
302.652
302.072
301.47
302.247
302.849
303.429
303.972
304.465
304.896
305.254
305.531
305.719
305.815
305.815
305.719
305.531
305.254
304.896
304.465
303.972
303.429
302.849
302.247
303.024
303.626
304.206
304.749
305.242
305.673
306.031
306.308
306.496
306.591
306.591
306.496
306.308
306.031
305.673
305.242
304.749
304.206
303.626
303.024
303.801
304.403
304.982
305.525
306.019
306.45
306.808
307.085
307.273
307.368
307.368
307.273
307.085
306.808
306.45
306.019
305.525
304.982
304.403
303.801
304.578
305.18
305.759
306.302
306.795
307.226
307.585
307.861
308.05
308.145
308.145
308.05
307.861
307.585
307.226
306.795
306.302
305.759
305.18
304.578
305.354
305.956
306.536
307.079
307.572
308.003
308.362
308.638
308.827
308.922
308.922
308.827
308.638
308.362
308.003
307.572
307.079
306.536
305.956
305.354
306.131
306.733
307.313
307.856
308.349
308.78
309.138
309.415
309.604
309.699
309.699
309.604
309.415
309.138
308.78
308.349
307.856
307.313
306.733
306.131
306.908
307.51
308.09
308.633
309.126
309.557
309.915
310.192
310.38
310.476
310.476
310.38
310.192
309.915
309.557
309.126
308.633
308.09
307.51
306.908
307.685
308.287
308.867
309.41
309.903
310.334
310.692
310.969
311.157
311.253
311.253
311.157
310.969
310.692
310.334
309.903
309.41
308.867
308.287
307.685
308.462
309.064
309.644
310.187
310.68
311.111
311.469
311.746
311.934
312.03
312.03
311.934
311.746
311.469
311.111
310.68
310.187
309.644
309.064
308.462
309.239
309.841
310.42
310.964
311.457
311.888
312.246
312.523
312.711
312.806
312.806
312.711
312.523
312.246
311.888
311.457
310.964
310.42
309.841
309.239
310.016
310.618
311.197
311.74
312.234
312.665
313.023
313.3
313.488
313.583
313.583
313.488
313.3
313.023
312.665
312.234
311.74
311.197
310.618
310.016
310.793
311.395
311.974
312.517
313.01
313.441
313.8
314.076
314.265
314.36
314.36
314.265
314.076
313.8
313.441
313.01
312.517
311.974
311.395
310.793
311.569
312.171
312.751
313.294
313.787
314.218
314.577
314.853
315.042
315.137
315.137
315.042
314.853
314.577
314.218
313.787
313.294
312.751
312.171
311.569
312.346
312.948
313.528
314.071
314.564
314.995
315.353
315.63
315.819
315.914
315.914
315.819
315.63
315.353
314.995
314.564
314.071
313.528
312.948
312.346
313.123
313.725
314.305
314.848
315.341
315.772
316.13
316.407
316.595
316.691
316.691
316.595
316.407
316.13
315.772
315.341
314.848
314.305
313.725
313.123
313.9
314.502
315.082
315.625
316.118
316.549
316.907
317.184
317.372
317.468
317.468
317.372
317.184
316.907
316.549
316.118
315.625
315.082
314.502
313.9
314.677
315.279
315.859
316.402
316.895
317.326
317.684
317.961
318.149
318.244
318.244
318.149
317.961
317.684
317.326
316.895
316.402
315.859
315.279
314.677
315.454
316.056
316.635
317.179
317.672
318.103
318.461
318.738
318.926
319.021
319.021
318.926
318.738
318.461
318.103
317.672
317.179
316.635
316.056
315.454
)
;

boundaryField
{
    ".*" { type zeroGradient; }
}
