/*--------------------------------*- C++ -*----------------------------------*\
  =========                 |
  \\      /  F ield         | OpenFOAM: The Open Source CFD Toolbox
   \\    /   O peration     | Version:  v2306
    \\  /    A nd           | Website:  www.openfoam.com
     \\/     M anipulation  |
\*---------------------------------------------------------------------------*/
FoamFile
{
    version     2.0;
    format      ascii;
    arch        "LSB;label=32;scalar=64";
    class       volVectorField;
    location    "1";
    object      U;
}
// * * * * * * * * * * * * * * * * * * * * * * * * * * * * * * * * * * * * * //

dimensions      [0 1 -1 0 0 0 0];

internalField   nonuniform List<vector>
400
(
(0.000470053 -0.000470053 0)
(0.00416132 -0.00136415 0)
(0.0111825 -0.00212471 0)
(0.0208464 -0.00267729 0)
(0.0322069 -0.0029678 0)
(0.0441521 -0.0029678 0)
(0.0555127 -0.00267729 0)
(0.0651765 -0.00212471 0)
(0.0721977 -0.00136415 0)
(0.075889 -0.000470053 0)
(0.075889 0.000470053 0)
(0.0721977 0.00136415 0)
(0.0651765 0.00212471 0)
(0.0555127 0.00267729 0)
(0.0441521 0.0029678 0)
(0.0322069 0.0029678 0)
(0.0208464 0.00267729 0)
(0.0111825 0.00212471 0)
(0.00416132 0.00136415 0)
(0.000470053 0.000470053 0)
(0.00136415 -0.00416132 0)
(0.0120766 -0.0120766 0)
(0.032453 -0.0188098 0)
(0.0604986 -0.0237017 0)
(0.0934682 -0.0262735 0)
(0.128134 -0.0262735 0)
(0.161104 -0.0237017 0)
(0.18915 -0.0188098 0)
(0.209526 -0.0120766 0)
(0.220238 -0.00416132 0)
(0.220238 0.00416132 0)
(0.209526 0.0120766 0)
(0.18915 0.0188098 0)
(0.161104 0.0237017 0)
(0.128134 0.0262735 0)
(0.0934682 0.0262735 0)
(0.0604986 0.0237017 0)
(0.032453 0.0188098 0)
(0.0120766 0.0120766 0)
(0.00136415 0.00416132 0)
(0.00212476 -0.0111825 0)
(0.0188098 -0.032453 0)
(0.0505467 -0.0505467 0)
(0.0942288 -0.0636925 0)
(0.14558 -0.0706037 0)
(0.199574 -0.0706037 0)
(0.250925 -0.0636925 0)
(0.294608 -0.0505467 0)
(0.326344 -0.032453 0)
(0.34303 -0.0111825 0)
(0.34303 0.0111825 0)
(0.326344 0.032453 0)
(0.294608 0.0505467 0)
(0.250925 0.0636925 0)
(0.199574 0.0706037 0)
(0.14558 0.0706037 0)
(0.0942288 0.0636925 0)
(0.0505467 0.0505467 0)
(0.0188098 0.032453 0)
(0.00212476 0.0111825 0)
(0.00267797 -0.0208464 0)
(0.0237024 -0.0604986 0)
(0.0636932 -0.0942287 0)
(0.118736 -0.118735 0)
(0.183442 -0.131619 0)
(0.251479 -0.131619 0)
(0.316185 -0.118735 0)
(0.371228 -0.0942287 0)
(0.411219 -0.0604986 0)
(0.432243 -0.0208464 0)
(0.432243 0.0208464 0)
(0.411219 0.0604986 0)
(0.371228 0.0942287 0)
(0.316185 0.118735 0)
(0.251479 0.131619 0)
(0.183442 0.131619 0)
(0.118736 0.118735 0)
(0.0636932 0.0942287 0)
(0.0237024 0.0604986 0)
(0.00267797 0.0208464 0)
(0.0029729 -0.0322069 0)
(0.0262786 -0.0934682 0)
(0.0706088 -0.14558 0)
(0.131624 -0.183442 0)
(0.203352 -0.203347 0)
(0.278771 -0.203347 0)
(0.350498 -0.183442 0)
(0.411514 -0.14558 0)
(0.455844 -0.0934682 0)
(0.479149 -0.0322069 0)
(0.479149 0.0322069 0)
(0.455844 0.0934682 0)
(0.411514 0.14558 0)
(0.350498 0.183442 0)
(0.278771 0.203347 0)
(0.203352 0.203347 0)
(0.131624 0.183442 0)
(0.0706088 0.14558 0)
(0.0262786 0.0934682 0)
(0.0029729 0.0322069 0)
(0.00299321 -0.0441521 0)
(0.0262989 -0.128134 0)
(0.0706291 -0.199574 0)
(0.131644 -0.251478 0)
(0.203372 -0.278766 0)
(0.278791 -0.278766 0)
(0.350519 -0.251478 0)
(0.411534 -0.199574 0)
(0.455864 -0.128134 0)
(0.47917 -0.0441521 0)
(0.47917 0.0441521 0)
(0.455864 0.128134 0)
(0.411534 0.199574 0)
(0.350519 0.251478 0)
(0.278791 0.278766 0)
(0.203372 0.278766 0)
(0.131644 0.251478 0)
(0.0706291 0.199574 0)
(0.0262989 0.128134 0)
(0.00299321 0.0441521 0)
(0.00277399 -0.0555127 0)
(0.0237984 -0.161104 0)
(0.0637892 -0.250925 0)
(0.118832 -0.316185 0)
(0.183538 -0.350493 0)
(0.251575 -0.350493 0)
(0.316281 -0.316185 0)
(0.371324 -0.250925 0)
(0.411315 -0.161104 0)
(0.432339 -0.0555127 0)
(0.432339 0.0555127 0)
(0.411315 0.161104 0)
(0.371324 0.250925 0)
(0.316281 0.316185 0)
(0.251575 0.350493 0)
(0.183538 0.350493 0)
(0.118832 0.316185 0)
(0.0637892 0.250925 0)
(0.0237984 0.161104 0)
(0.00277399 0.0555127 0)
(0.00242852 -0.0651765 0)
(0.0191136 -0.18915 0)
(0.0508505 -0.294608 0)
(0.0945325 -0.371227 0)
(0.145884 -0.411508 0)
(0.199878 -0.411508 0)
(0.251229 -0.371227 0)
(0.294911 -0.294608 0)
(0.326648 -0.18915 0)
(0.343333 -0.0651765 0)
(0.343333 0.0651765 0)
(0.326648 0.18915 0)
(0.294911 0.294608 0)
(0.251229 0.371227 0)
(0.199878 0.411508 0)
(0.145884 0.411508 0)
(0.0945325 0.371227 0)
(0.0508505 0.294608 0)
(0.0191136 0.18915 0)
(0.00242852 0.0651765 0)
(0.00219106 -0.0721977 0)
(0.0129035 -0.209526 0)
(0.0332799 -0.326344 0)
(0.0613255 -0.411218 0)
(0.0942951 -0.455839 0)
(0.128961 -0.455839 0)
(0.161931 -0.411218 0)
(0.189977 -0.326344 0)
(0.210353 -0.209526 0)
(0.221065 -0.0721977 0)
(0.221065 0.0721977 0)
(0.210353 0.209526 0)
(0.189977 0.326344 0)
(0.161931 0.411218 0)
(0.128961 0.455839 0)
(0.0942951 0.455839 0)
(0.0613255 0.411218 0)
(0.0332799 0.326344 0)
(0.0129035 0.209526 0)
(0.00219106 0.0721977 0)
(0.0024833 -0.075889 0)
(0.00617457 -0.220238 0)
(0.0131958 -0.343029 0)
(0.0228596 -0.432242 0)
(0.0342202 -0.479144 0)
(0.0461654 -0.479144 0)
(0.0575259 -0.432242 0)
(0.0671898 -0.343029 0)
(0.074211 -0.220238 0)
(0.0779023 -0.075889 0)
(0.0779023 0.075889 0)
(0.074211 0.220238 0)
(0.0671898 0.343029 0)
(0.0575259 0.432242 0)
(0.0461654 0.479144 0)
(0.0342202 0.479144 0)
(0.0228596 0.432242 0)
(0.0131958 0.343029 0)
(0.00617457 0.220238 0)
(0.0024833 0.075889 0)
(0.0040135 -0.075889 0)
(0.000322237 -0.220238 0)
(-0.00669897 -0.343029 0)
(-0.0163628 -0.432242 0)
(-0.0277234 -0.479144 0)
(-0.0396686 -0.479144 0)
(-0.0510291 -0.432242 0)
(-0.060693 -0.343029 0)
(-0.0677142 -0.220238 0)
(-0.0714054 -0.075889 0)
(-0.0714054 0.075889 0)
(-0.0677142 0.220238 0)
(-0.060693 0.343029 0)
(-0.0510291 0.432242 0)
(-0.0396686 0.479144 0)
(-0.0277234 0.479144 0)
(-0.0163628 0.432242 0)
(-0.00669897 0.343029 0)
(0.000322237 0.220238 0)
(0.0040135 0.075889 0)
(0.00791891 -0.0721977 0)
(-0.00279356 -0.209526 0)
(-0.0231699 -0.326344 0)
(-0.0512155 -0.411218 0)
(-0.0841851 -0.455839 0)
(-0.118851 -0.455839 0)
(-0.151821 -0.411218 0)
(-0.179867 -0.326344 0)
(-0.200243 -0.209526 0)
(-0.210955 -0.0721977 0)
(-0.210955 0.0721977 0)
(-0.200243 0.209526 0)
(-0.179867 0.326344 0)
(-0.151821 0.411218 0)
(-0.118851 0.455839 0)
(-0.0841851 0.455839 0)
(-0.0512155 0.411218 0)
(-0.0231699 0.326344 0)
(-0.00279356 0.209526 0)
(0.00791891 0.0721977 0)
(0.0159632 -0.0651765 0)
(-0.000721866 -0.18915 0)
(-0.0324587 -0.294608 0)
(-0.0761408 -0.371227 0)
(-0.127492 -0.411508 0)
(-0.181486 -0.411508 0)
(-0.232838 -0.371227 0)
(-0.27652 -0.294608 0)
(-0.308256 -0.18915 0)
(-0.324942 -0.0651765 0)
(-0.324942 0.0651765 0)
(-0.308256 0.18915 0)
(-0.27652 0.294608 0)
(-0.232838 0.371227 0)
(-0.181486 0.411508 0)
(-0.127492 0.411508 0)
(-0.0761408 0.371227 0)
(-0.0324587 0.294608 0)
(-0.000721866 0.18915 0)
(0.0159632 0.0651765 0)
(0.0308022 -0.0555127 0)
(0.00977776 -0.161104 0)
(-0.030213 -0.250925 0)
(-0.0852557 -0.316185 0)
(-0.149962 -0.350493 0)
(-0.217999 -0.350493 0)
(-0.282705 -0.316185 0)
(-0.337748 -0.250925 0)
(-0.377738 -0.161104 0)
(-0.398763 -0.0555127 0)
(-0.398763 0.0555127 0)
(-0.377738 0.161104 0)
(-0.337748 0.250925 0)
(-0.282705 0.316185 0)
(-0.217999 0.350493 0)
(-0.149962 0.350493 0)
(-0.0852557 0.316185 0)
(-0.030213 0.250925 0)
(0.00977776 0.161104 0)
(0.0308022 0.0555127 0)
(0.0563319 -0.0441521 0)
(0.0330261 -0.128134 0)
(-0.011304 -0.199574 0)
(-0.0723192 -0.251478 0)
(-0.144047 -0.278766 0)
(-0.219466 -0.278766 0)
(-0.291194 -0.251478 0)
(-0.352209 -0.199574 0)
(-0.396539 -0.128134 0)
(-0.419845 -0.0441521 0)
(-0.419845 0.0441521 0)
(-0.396539 0.128134 0)
(-0.352209 0.199574 0)
(-0.291194 0.251478 0)
(-0.219466 0.278766 0)
(-0.144047 0.278766 0)
(-0.0723192 0.251478 0)
(-0.011304 0.199574 0)
(0.0330261 0.128134 0)
(0.0563319 0.0441521 0)
(0.0981347 -0.0322069 0)
(0.074829 -0.0934682 0)
(0.0304988 -0.14558 0)
(-0.0305164 -0.183442 0)
(-0.102244 -0.203347 0)
(-0.177663 -0.203347 0)
(-0.249391 -0.183442 0)
(-0.310406 -0.14558 0)
(-0.354736 -0.0934682 0)
(-0.378042 -0.0322069 0)
(-0.378042 0.0322069 0)
(-0.354736 0.0934682 0)
(-0.310406 0.14558 0)
(-0.249391 0.183442 0)
(-0.177663 0.203347 0)
(-0.102244 0.203347 0)
(-0.0305164 0.183442 0)
(0.0304988 0.14558 0)
(0.074829 0.0934682 0)
(0.0981347 0.0322069 0)
(0.16404 -0.0208464 0)
(0.143015 -0.0604986 0)
(0.103024 -0.0942287 0)
(0.0479819 -0.118735 0)
(-0.0167246 -0.131619 0)
(-0.084761 -0.131619 0)
(-0.149468 -0.118735 0)
(-0.20451 -0.0942287 0)
(-0.244501 -0.0604986 0)
(-0.265525 -0.0208464 0)
(-0.265525 0.0208464 0)
(-0.244501 0.0604986 0)
(-0.20451 0.0942287 0)
(-0.149468 0.118735 0)
(-0.084761 0.131619 0)
(-0.0167246 0.131619 0)
(0.0479819 0.118735 0)
(0.103024 0.0942287 0)
(0.143015 0.0604986 0)
(0.16404 0.0208464 0)
(0.264815 -0.0111825 0)
(0.24813 -0.032453 0)
(0.216393 -0.0505467 0)
(0.172711 -0.0636925 0)
(0.121359 -0.0706037 0)
(0.0673653 -0.0706037 0)
(0.016014 -0.0636925 0)
(-0.0276681 -0.0505467 0)
(-0.059405 -0.032453 0)
(-0.0760901 -0.0111825 0)
(-0.0760901 0.0111825 0)
(-0.059405 0.032453 0)
(-0.0276681 0.0505467 0)
(0.016014 0.0636925 0)
(0.0673653 0.0706037 0)
(0.121359 0.0706037 0)
(0.172711 0.0636925 0)
(0.216393 0.0505467 0)
(0.24813 0.032453 0)
(0.264815 0.0111825 0)
(0.415008 -0.00416132 0)
(0.404296 -0.0120766 0)
(0.38392 -0.0188098 0)
(0.355874 -0.0237017 0)
(0.322904 -0.0262735 0)
(0.288238 -0.0262735 0)
(0.255269 -0.0237017 0)
(0.227223 -0.0188098 0)
(0.206847 -0.0120766 0)
(0.196134 -0.00416132 0)
(0.196134 0.00416132 0)
(0.206847 0.0120766 0)
(0.227223 0.0188098 0)
(0.255269 0.0237017 0)
(0.288238 0.0262735 0)
(0.322904 0.0262735 0)
(0.355874 0.0237017 0)
(0.38392 0.0188098 0)
(0.404296 0.0120766 0)
(0.415008 0.00416132 0)
(0.633962 -0.000470053 0)
(0.630271 -0.00136415 0)
(0.62325 -0.00212471 0)
(0.613586 -0.00267729 0)
(0.602225 -0.0029678 0)
(0.59028 -0.0029678 0)
(0.578919 -0.00267729 0)
(0.569256 -0.00212471 0)
(0.562234 -0.00136415 0)
(0.558543 -0.000470053 0)
(0.558543 0.000470053 0)
(0.562234 0.00136415 0)
(0.569256 0.00212471 0)
(0.578919 0.00267729 0)
(0.59028 0.0029678 0)
(0.602225 0.0029678 0)
(0.613586 0.00267729 0)
(0.62325 0.00212471 0)
(0.630271 0.00136415 0)
(0.633962 0.000470053 0)
)
;

boundaryField
{
    movingWall { type fixedValue; value uniform (1 0 0); }
    fixedWalls { type noSlip; }
    frontAndBack { type empty; }
}
