/*--------------------------------*- C++ -*----------------------------------*\
  =========                 |
  \\      /  F ield         | OpenFOAM: The Open Source CFD Toolbox
   \\    /   O peration     | Version:  v2306
    \\  /    A nd           | Website:  www.openfoam.com
     \\/     M anipulation  |
\*---------------------------------------------------------------------------*/
FoamFile
{
    version     2.0;
    format      ascii;
    arch        "LSB;label=32;scalar=64";
    class       volScalarField;
    location    "1.5";
    object      p;
}
// * * * * * * * * * * * * * * * * * * * * * * * * * * * * * * * * * * * * * //

dimensions      [0 2 -2 0 0 0 0];

internalField   nonuniform List<scalar>
400
(
0.0444544
0.0433474
0.0411119
0.0377282
0.0332145
0.0276619
0.0212514
0.0142452
0.00695255
-0.00031996
-0.00731728
-0.0138671
-0.0198842
-0.0253473
-0.0302586
-0.0346017
-0.0383139
-0.0412837
-0.0433728
-0.044455
0.0433474
0.042099
0.0392505
0.0342857
0.0268231
0.0169036
0.00514458
-0.00731165
-0.0190509
-0.0287591
-0.0355842
-0.0393579
-0.0406006
-0.0403067
-0.0395908
-0.0393233
-0.0398841
-0.0411162
-0.0424858
-0.0433728
0.0411119
0.0392505
0.0347914
0.0266587
0.0140668
-0.00287487
-0.022844
-0.0434262
-0.0616641
-0.0748586
-0.0813433
-0.0809584
-0.0750551
-0.0660287
-0.056552
-0.048781
-0.0438123
-0.0415675
-0.0411162
-0.0412837
0.0377282
0.0342856
0.0266586
0.0138236
-0.00479676
-0.0286479
-0.055705
-0.082664
-0.105642
-0.121172
-0.127157
-0.123449
-0.111854
-0.0955597
-0.078186
-0.0627984
-0.0512134
-0.0438123
-0.0398841
-0.0383139
0.0332145
0.0268229
0.0140664
-0.00479749
-0.0289699
-0.0568524
-0.0859921
-0.113315
-0.135625
-0.15024
-0.155577
-0.151506
-0.139348
-0.121536
-0.101032
-0.0806973
-0.0627992
-0.0487814
-0.0393235
-0.0346017
0.0276618
0.0169027
-0.00287724
-0.0286521
-0.0568574
-0.0841912
-0.108214
-0.127582
-0.14189
-0.151247
-0.155805
-0.155453
-0.149816
-0.138571
-0.121924
-0.101037
-0.0781902
-0.0565543
-0.0395916
-0.0302587
0.021251
0.00514154
-0.0228522
-0.0557199
-0.0860133
-0.108234
-0.120398
-0.124222
-0.123924
-0.124141
-0.127808
-0.134835
-0.14211
-0.144821
-0.138591
-0.121557
-0.0955747
-0.0660369
-0.0403097
-0.0253477
0.0142442
-0.00731929
-0.0434466
-0.0827017
-0.113371
-0.127649
-0.124276
-0.108661
-0.0904701
-0.0796298
-0.0823158
-0.098462
-0.121763
-0.142163
-0.149882
-0.139404
-0.111892
-0.0750755
-0.0406083
-0.0198851
0.0069506
-0.0190646
-0.0617001
-0.105708
-0.135725
-0.142015
-0.124048
-0.0905464
-0.056008
-0.0350389
-0.0366774
-0.0608832
-0.0985384
-0.13496
-0.155578
-0.151605
-0.123515
-0.0809945
-0.0393716
-0.0138691
-0.000323902
-0.0287729
-0.0748911
-0.12123
-0.150325
-0.151351
-0.124236
-0.0796682
-0.0349924
-0.00756688
-0.00811758
-0.0366309
-0.0823542
-0.127904
-0.15591
-0.155663
-0.127215
-0.0813758
-0.035598
-0.00732122
-0.00732781
-0.0355728
-0.0812901
-0.127046
-0.155396
-0.15554
-0.127436
-0.0818034
-0.0360196
-0.00747443
-0.00692373
-0.034381
-0.0791173
-0.123769
-0.150982
-0.150059
-0.121061
-0.0748054
-0.0287477
-0.000330494
-0.0139075
-0.0392664
-0.0806161
-0.122761
-0.150409
-0.153917
-0.132857
-0.0960592
-0.0581309
-0.0337815
-0.032143
-0.0532557
-0.0880672
-0.121945
-0.140354
-0.134529
-0.104954
-0.0613217
-0.0189594
0.00691221
-0.0200502
-0.0403664
-0.0740596
-0.109811
-0.13607
-0.145232
-0.13626
-0.114794
-0.0907199
-0.0741667
-0.0714807
-0.0827279
-0.101693
-0.118373
-0.122998
-0.110037
-0.0806205
-0.0424307
-0.00707741
0.0140792
-0.0259716
-0.0399976
-0.0639442
-0.0910313
-0.114132
-0.128138
-0.131487
-0.126324
-0.11727
-0.109306
-0.105639
-0.106358
-0.108437
-0.107064
-0.0977809
-0.0785889
-0.0511765
-0.0207595
0.00545366
0.020627
-0.0323568
-0.0398563
-0.0533316
-0.0701674
-0.0873713
-0.102325
-0.11333
-0.119775
-0.121924
-0.120443
-0.115885
-0.108361
-0.0975407
-0.0829728
-0.0645926
-0.0431919
-0.0206293
0.000345533
0.0166381
0.0255638
-0.0409811
-0.0425782
-0.0460926
-0.0519297
-0.060211
-0.0704337
-0.0813207
-0.0909521
-0.0971665
-0.0981135
-0.0927762
-0.0812862
-0.0649197
-0.0457772
-0.0262544
-0.00848363
0.00607195
0.0167552
0.0235683
0.0268351
-0.0561506
-0.0530728
-0.04816
-0.0433924
-0.0406723
-0.0410185
-0.0440872
-0.0482128
-0.0509663
-0.0500264
-0.0440418
-0.0331597
-0.0190228
-0.00423242
0.00851958
0.0173294
0.0216447
0.022311
0.021097
0.0198915
-0.0877767
-0.0817032
-0.0709203
-0.0577027
-0.0444942
-0.0331525
-0.0244521
-0.018016
-0.0126853
-0.00716398
-0.000679309
0.00660908
0.0136129
0.0187326
0.0205246
0.0183537
0.0127683
0.00543862
-0.00133648
-0.0053812
-0.157566
-0.150765
-0.138145
-0.121427
-0.102663
-0.0837901
-0.0663024
-0.0511114
-0.0386182
-0.0289298
-0.0221047
-0.0183112
-0.0178224
-0.0208511
-0.0272957
-0.0365166
-0.0472577
-0.0577778
-0.0661797
-0.0708461
-0.310931
-0.306744
-0.298748
-0.287648
-0.274378
-0.259985
-0.245517
-0.231923
-0.219999
-0.210344
-0.203347
-0.19918
-0.197794
-0.198918
-0.202065
-0.206562
-0.211606
-0.216352
-0.220023
-0.222022
)
;

boundaryField
{
    ".*" { type zeroGradient; }
}
