/*--------------------------------*- C++ -*----------------------------------*\
  =========                 |
  \\      /  F ield         | OpenFOAM: The Open Source CFD Toolbox
   \\    /   O peration     | Version:  v2306
    \\  /    A nd           | Website:  www.openfoam.com
     \\/     M anipulation  |
\*---------------------------------------------------------------------------*/
FoamFile
{
    version     2.0;
    format      ascii;
    arch        "LSB;label=32;scalar=64";
    class       volSymmTensorField;
    location    "1.5";
    object      sigma;
}
// * * * * * * * * * * * * * * * * * * * * * * * * * * * * * * * * * * * * * //

dimensions      [1 -1 -2 0 0 0 0];

internalField   nonuniform List<symmTensor>
400
(
(75.75 0.1875 0 150.562 0 225)
(77.25 0.1875 0 150.562 0 225)
(78.75 0.1875 0 150.562 0 225)
(80.25 0.1875 0 150.562 0 225)
(81.75 0.1875 0 150.562 0 225)
(83.25 0.1875 0 150.562 0 225)
(84.75 0.1875 0 150.562 0 225)
(86.25 0.1875 0 150.562 0 225)
(87.75 0.1875 0 150.562 0 225)
(89.25 0.1875 0 150.562 0 225)
(90.75 0.1875 0 150.562 0 225)
(92.25 0.1875 0 150.562 0 225)
(93.75 0.1875 0 150.562 0 225)
(95.25 0.1875 0 150.562 0 225)
(96.75 0.1875 0 150.562 0 225)
(98.25 0.1875 0 150.562 0 225)
(99.75 0.1875 0 150.562 0 225)
(101.25 0.1875 0 150.562 0 225)
(102.75 0.1875 0 150.562 0 225)
(104.25 0.1875 0 150.562 0 225)
(75.75 0.5625 0 151.688 0 225)
(77.25 0.5625 0 151.688 0 225)
(78.75 0.5625 0 151.688 0 225)
(80.25 0.5625 0 151.688 0 225)
(81.75 0.5625 0 151.688 0 225)
(83.25 0.5625 0 151.688 0 225)
(84.75 0.5625 0 151.688 0 225)
(86.25 0.5625 0 151.688 0 225)
(87.75 0.5625 0 151.688 0 225)
(89.25 0.5625 0 151.688 0 225)
(90.75 0.5625 0 151.688 0 225)
(92.25 0.5625 0 151.688 0 225)
(93.75 0.5625 0 151.688 0 225)
(95.25 0.5625 0 151.688 0 225)
(96.75 0.5625 0 151.688 0 225)
(98.25 0.5625 0 151.688 0 225)
(99.75 0.5625 0 151.688 0 225)
(101.25 0.5625 0 151.688 0 225)
(102.75 0.5625 0 151.688 0 225)
(104.25 0.5625 0 151.688 0 225)
(75.75 0.9375 0 152.812 0 225)
(77.25 0.9375 0 152.812 0 225)
(78.75 0.9375 0 152.812 0 225)
(80.25 0.9375 0 152.812 0 225)
(81.75 0.9375 0 152.812 0 225)
(83.25 0.9375 0 152.812 0 225)
(84.75 0.9375 0 152.812 0 225)
(86.25 0.9375 0 152.812 0 225)
(87.75 0.9375 0 152.812 0 225)
(89.25 0.9375 0 152.812 0 225)
(90.75 0.9375 0 152.812 0 225)
(92.25 0.9375 0 152.812 0 225)
(93.75 0.9375 0 152.812 0 225)
(95.25 0.9375 0 152.812 0 225)
(96.75 0.9375 0 152.812 0 225)
(98.25 0.9375 0 152.812 0 225)
(99.75 0.9375 0 152.812 0 225)
(101.25 0.9375 0 152.812 0 225)
(102.75 0.9375 0 152.812 0 225)
(104.25 0.9375 0 152.812 0 225)
(75.75 1.3125 0 153.938 0 225)
(77.25 1.3125 0 153.938 0 225)
(78.75 1.3125 0 153.938 0 225)
(80.25 1.3125 0 153.938 0 225)
(81.75 1.3125 0 153.938 0 225)
(83.25 1.3125 0 153.938 0 225)
(84.75 1.3125 0 153.938 0 225)
(86.25 1.3125 0 153.938 0 225)
(87.75 1.3125 0 153.938 0 225)
(89.25 1.3125 0 153.938 0 225)
(90.75 1.3125 0 153.938 0 225)
(92.25 1.3125 0 153.938 0 225)
(93.75 1.3125 0 153.938 0 225)
(95.25 1.3125 0 153.938 0 225)
(96.75 1.3125 0 153.938 0 225)
(98.25 1.3125 0 153.938 0 225)
(99.75 1.3125 0 153.938 0 225)
(101.25 1.3125 0 153.938 0 225)
(102.75 1.3125 0 153.938 0 225)
(104.25 1.3125 0 153.938 0 225)
(75.75 1.6875 0 155.062 0 225)
(77.25 1.6875 0 155.062 0 225)
(78.75 1.6875 0 155.062 0 225)
(80.25 1.6875 0 155.062 0 225)
(81.75 1.6875 0 155.062 0 225)
(83.25 1.6875 0 155.062 0 225)
(84.75 1.6875 0 155.062 0 225)
(86.25 1.6875 0 155.062 0 225)
(87.75 1.6875 0 155.062 0 225)
(89.25 1.6875 0 155.062 0 225)
(90.75 1.6875 0 155.062 0 225)
(92.25 1.6875 0 155.062 0 225)
(93.75 1.6875 0 155.062 0 225)
(95.25 1.6875 0 155.062 0 225)
(96.75 1.6875 0 155.062 0 225)
(98.25 1.6875 0 155.062 0 225)
(99.75 1.6875 0 155.062 0 225)
(101.25 1.6875 0 155.062 0 225)
(102.75 1.6875 0 155.062 0 225)
(104.25 1.6875 0 155.062 0 225)
(75.75 2.0625 0 156.188 0 225)
(77.25 2.0625 0 156.188 0 225)
(78.75 2.0625 0 156.188 0 225)
(80.25 2.0625 0 156.188 0 225)
(81.75 2.0625 0 156.188 0 225)
(83.25 2.0625 0 156.188 0 225)
(84.75 2.0625 0 156.188 0 225)
(86.25 2.0625 0 156.188 0 225)
(87.75 2.0625 0 156.188 0 225)
(89.25 2.0625 0 156.188 0 225)
(90.75 2.0625 0 156.188 0 225)
(92.25 2.0625 0 156.188 0 225)
(93.75 2.0625 0 156.188 0 225)
(95.25 2.0625 0 156.188 0 225)
(96.75 2.0625 0 156.188 0 225)
(98.25 2.0625 0 156.188 0 225)
(99.75 2.0625 0 156.188 0 225)
(101.25 2.0625 0 156.188 0 225)
(102.75 2.0625 0 156.188 0 225)
(104.25 2.0625 0 156.188 0 225)
(75.75 2.4375 0 157.312 0 225)
(77.25 2.4375 0 157.312 0 225)
(78.75 2.4375 0 157.312 0 225)
(80.25 2.4375 0 157.312 0 225)
(81.75 2.4375 0 157.312 0 225)
(83.25 2.4375 0 157.312 0 225)
(84.75 2.4375 0 157.312 0 225)
(86.25 2.4375 0 157.312 0 225)
(87.75 2.4375 0 157.312 0 225)
(89.25 2.4375 0 157.312 0 225)
(90.75 2.4375 0 157.312 0 225)
(92.25 2.4375 0 157.312 0 225)
(93.75 2.4375 0 157.312 0 225)
(95.25 2.4375 0 157.312 0 225)
(96.75 2.4375 0 157.312 0 225)
(98.25 2.4375 0 157.312 0 225)
(99.75 2.4375 0 157.312 0 225)
(101.25 2.4375 0 157.312 0 225)
(102.75 2.4375 0 157.312 0 225)
(104.25 2.4375 0 157.312 0 225)
(75.75 2.8125 0 158.438 0 225)
(77.25 2.8125 0 158.438 0 225)
(78.75 2.8125 0 158.438 0 225)
(80.25 2.8125 0 158.438 0 225)
(81.75 2.8125 0 158.438 0 225)
(83.25 2.8125 0 158.438 0 225)
(84.75 2.8125 0 158.438 0 225)
(86.25 2.8125 0 158.438 0 225)
(87.75 2.8125 0 158.438 0 225)
(89.25 2.8125 0 158.438 0 225)
(90.75 2.8125 0 158.438 0 225)
(92.25 2.8125 0 158.438 0 225)
(93.75 2.8125 0 158.438 0 225)
(95.25 2.8125 0 158.438 0 225)
(96.75 2.8125 0 158.438 0 225)
(98.25 2.8125 0 158.438 0 225)
(99.75 2.8125 0 158.438 0 225)
(101.25 2.8125 0 158.438 0 225)
(102.75 2.8125 0 158.438 0 225)
(104.25 2.8125 0 158.438 0 225)
(75.75 3.1875 0 159.562 0 225)
(77.25 3.1875 0 159.562 0 225)
(78.75 3.1875 0 159.562 0 225)
(80.25 3.1875 0 159.562 0 225)
(81.75 3.1875 0 159.562 0 225)
(83.25 3.1875 0 159.562 0 225)
(84.75 3.1875 0 159.562 0 225)
(86.25 3.1875 0 159.562 0 225)
(87.75 3.1875 0 159.562 0 225)
(89.25 3.1875 0 159.562 0 225)
(90.75 3.1875 0 159.562 0 225)
(92.25 3.1875 0 159.562 0 225)
(93.75 3.1875 0 159.562 0 225)
(95.25 3.1875 0 159.562 0 225)
(96.75 3.1875 0 159.562 0 225)
(98.25 3.1875 0 159.562 0 225)
(99.75 3.1875 0 159.562 0 225)
(101.25 3.1875 0 159.562 0 225)
(102.75 3.1875 0 159.562 0 225)
(104.25 3.1875 0 159.562 0 225)
(75.75 3.5625 0 160.688 0 225)
(77.25 3.5625 0 160.688 0 225)
(78.75 3.5625 0 160.688 0 225)
(80.25 3.5625 0 160.688 0 225)
(81.75 3.5625 0 160.688 0 225)
(83.25 3.5625 0 160.688 0 225)
(84.75 3.5625 0 160.688 0 225)
(86.25 3.5625 0 160.688 0 225)
(87.75 3.5625 0 160.688 0 225)
(89.25 3.5625 0 160.688 0 225)
(90.75 3.5625 0 160.688 0 225)
(92.25 3.5625 0 160.688 0 225)
(93.75 3.5625 0 160.688 0 225)
(95.25 3.5625 0 160.688 0 225)
(96.75 3.5625 0 160.688 0 225)
(98.25 3.5625 0 160.688 0 225)
(99.75 3.5625 0 160.688 0 225)
(101.25 3.5625 0 160.688 0 225)
(102.75 3.5625 0 160.688 0 225)
(104.25 3.5625 0 160.688 0 225)
(75.75 3.9375 0 161.812 0 225)
(77.25 3.9375 0 161.812 0 225)
(78.75 3.9375 0 161.812 0 225)
(80.25 3.9375 0 161.812 0 225)
(81.75 3.9375 0 161.812 0 225)
(83.25 3.9375 0 161.812 0 225)
(84.75 3.9375 0 161.812 0 225)
(86.25 3.9375 0 161.812 0 225)
(87.75 3.9375 0 161.812 0 225)
(89.25 3.9375 0 161.812 0 225)
(90.75 3.9375 0 161.812 0 225)
(92.25 3.9375 0 161.812 0 225)
(93.75 3.9375 0 161.812 0 225)
(95.25 3.9375 0 161.812 0 225)
(96.75 3.9375 0 161.812 0 225)
(98.25 3.9375 0 161.812 0 225)
(99.75 3.9375 0 161.812 0 225)
(101.25 3.9375 0 161.812 0 225)
(102.75 3.9375 0 161.812 0 225)
(104.25 3.9375 0 161.812 0 225)
(75.75 4.3125 0 162.938 0 225)
(77.25 4.3125 0 162.938 0 225)
(78.75 4.3125 0 162.938 0 225)
(80.25 4.3125 0 162.938 0 225)
(81.75 4.3125 0 162.938 0 225)
(83.25 4.3125 0 162.938 0 225)
(84.75 4.3125 0 162.938 0 225)
(86.25 4.3125 0 162.938 0 225)
(87.75 4.3125 0 162.938 0 225)
(89.25 4.3125 0 162.938 0 225)
(90.75 4.3125 0 162.938 0 225)
(92.25 4.3125 0 162.938 0 225)
(93.75 4.3125 0 162.938 0 225)
(95.25 4.3125 0 162.938 0 225)
(96.75 4.3125 0 162.938 0 225)
(98.25 4.3125 0 162.938 0 225)
(99.75 4.3125 0 162.938 0 225)
(101.25 4.3125 0 162.938 0 225)
(102.75 4.3125 0 162.938 0 225)
(104.25 4.3125 0 162.938 0 225)
(75.75 4.6875 0 164.062 0 225)
(77.25 4.6875 0 164.062 0 225)
(78.75 4.6875 0 164.062 0 225)
(80.25 4.6875 0 164.062 0 225)
(81.75 4.6875 0 164.062 0 225)
(83.25 4.6875 0 164.062 0 225)
(84.75 4.6875 0 164.062 0 225)
(86.25 4.6875 0 164.062 0 225)
(87.75 4.6875 0 164.062 0 225)
(89.25 4.6875 0 164.062 0 225)
(90.75 4.6875 0 164.062 0 225)
(92.25 4.6875 0 164.062 0 225)
(93.75 4.6875 0 164.062 0 225)
(95.25 4.6875 0 164.062 0 225)
(96.75 4.6875 0 164.062 0 225)
(98.25 4.6875 0 164.062 0 225)
(99.75 4.6875 0 164.062 0 225)
(101.25 4.6875 0 164.062 0 225)
(102.75 4.6875 0 164.062 0 225)
(104.25 4.6875 0 164.062 0 225)
(75.75 5.0625 0 165.188 0 225)
(77.25 5.0625 0 165.188 0 225)
(78.75 5.0625 0 165.188 0 225)
(80.25 5.0625 0 165.188 0 225)
(81.75 5.0625 0 165.188 0 225)
(83.25 5.0625 0 165.188 0 225)
(84.75 5.0625 0 165.188 0 225)
(86.25 5.0625 0 165.188 0 225)
(87.75 5.0625 0 165.188 0 225)
(89.25 5.0625 0 165.188 0 225)
(90.75 5.0625 0 165.188 0 225)
(92.25 5.0625 0 165.188 0 225)
(93.75 5.0625 0 165.188 0 225)
(95.25 5.0625 0 165.188 0 225)
(96.75 5.0625 0 165.188 0 225)
(98.25 5.0625 0 165.188 0 225)
(99.75 5.0625 0 165.188 0 225)
(101.25 5.0625 0 165.188 0 225)
(102.75 5.0625 0 165.188 0 225)
(104.25 5.0625 0 165.188 0 225)
(75.75 5.4375 0 166.312 0 225)
(77.25 5.4375 0 166.312 0 225)
(78.75 5.4375 0 166.312 0 225)
(80.25 5.4375 0 166.312 0 225)
(81.75 5.4375 0 166.312 0 225)
(83.25 5.4375 0 166.312 0 225)
(84.75 5.4375 0 166.312 0 225)
(86.25 5.4375 0 166.312 0 225)
(87.75 5.4375 0 166.312 0 225)
(89.25 5.4375 0 166.312 0 225)
(90.75 5.4375 0 166.312 0 225)
(92.25 5.4375 0 166.312 0 225)
(93.75 5.4375 0 166.312 0 225)
(95.25 5.4375 0 166.312 0 225)
(96.75 5.4375 0 166.312 0 225)
(98.25 5.4375 0 166.312 0 225)
(99.75 5.4375 0 166.312 0 225)
(101.25 5.4375 0 166.312 0 225)
(102.75 5.4375 0 166.312 0 225)
(104.25 5.4375 0 166.312 0 225)
(75.75 5.8125 0 167.438 0 225)
(77.25 5.8125 0 167.438 0 225)
(78.75 5.8125 0 167.438 0 225)
(80.25 5.8125 0 167.438 0 225)
(81.75 5.8125 0 167.438 0 225)
(83.25 5.8125 0 167.438 0 225)
(84.75 5.8125 0 167.438 0 225)
(86.25 5.8125 0 167.438 0 225)
(87.75 5.8125 0 167.438 0 225)
(89.25 5.8125 0 167.438 0 225)
(90.75 5.8125 0 167.438 0 225)
(92.25 5.8125 0 167.438 0 225)
(93.75 5.8125 0 167.438 0 225)
(95.25 5.8125 0 167.438 0 225)
(96.75 5.8125 0 167.438 0 225)
(98.25 5.8125 0 167.438 0 225)
(99.75 5.8125 0 167.438 0 225)
(101.25 5.8125 0 167.438 0 225)
(102.75 5.8125 0 167.438 0 225)
(104.25 5.8125 0 167.438 0 225)
(75.75 6.1875 0 168.562 0 225)
(77.25 6.1875 0 168.562 0 225)
(78.75 6.1875 0 168.562 0 225)
(80.25 6.1875 0 168.562 0 225)
(81.75 6.1875 0 168.562 0 225)
(83.25 6.1875 0 168.562 0 225)
(84.75 6.1875 0 168.562 0 225)
(86.25 6.1875 0 168.562 0 225)
(87.75 6.1875 0 168.562 0 225)
(89.25 6.1875 0 168.562 0 225)
(90.75 6.1875 0 168.562 0 225)
(92.25 6.1875 0 168.562 0 225)
(93.75 6.1875 0 168.562 0 225)
(95.25 6.1875 0 168.562 0 225)
(96.75 6.1875 0 168.562 0 225)
(98.25 6.1875 0 168.562 0 225)
(99.75 6.1875 0 168.562 0 225)
(101.25 6.1875 0 168.562 0 225)
(102.75 6.1875 0 168.562 0 225)
(104.25 6.1875 0 168.562 0 225)
(75.75 6.5625 0 169.688 0 225)
(77.25 6.5625 0 169.688 0 225)
(78.75 6.5625 0 169.688 0 225)
(80.25 6.5625 0 169.688 0 225)
(81.75 6.5625 0 169.688 0 225)
(83.25 6.5625 0 169.688 0 225)
(84.75 6.5625 0 169.688 0 225)
(86.25 6.5625 0 169.688 0 225)
(87.75 6.5625 0 169.688 0 225)
(89.25 6.5625 0 169.688 0 225)
(90.75 6.5625 0 169.688 0 225)
(92.25 6.5625 0 169.688 0 225)
(93.75 6.5625 0 169.688 0 225)
(95.25 6.5625 0 169.688 0 225)
(96.75 6.5625 0 169.688 0 225)
(98.25 6.5625 0 169.688 0 225)
(99.75 6.5625 0 169.688 0 225)
(101.25 6.5625 0 169.688 0 225)
(102.75 6.5625 0 169.688 0 225)
(104.25 6.5625 0 169.688 0 225)
(75.75 6.9375 0 170.812 0 225)
(77.25 6.9375 0 170.812 0 225)
(78.75 6.9375 0 170.812 0 225)
(80.25 6.9375 0 170.812 0 225)
(81.75 6.9375 0 170.812 0 225)
(83.25 6.9375 0 170.812 0 225)
(84.75 6.9375 0 170.812 0 225)
(86.25 6.9375 0 170.812 0 225)
(87.75 6.9375 0 170.812 0 225)
(89.25 6.9375 0 170.812 0 225)
(90.75 6.9375 0 170.812 0 225)
(92.25 6.9375 0 170.812 0 225)
(93.75 6.9375 0 170.812 0 225)
(95.25 6.9375 0 170.812 0 225)
(96.75 6.9375 0 170.812 0 225)
(98.25 6.9375 0 170.812 0 225)
(99.75 6.9375 0 170.812 0 225)
(101.25 6.9375 0 170.812 0 225)
(102.75 6.9375 0 170.812 0 225)
(104.25 6.9375 0 170.812 0 225)
(75.75 7.3125 0 171.938 0 225)
(77.25 7.3125 0 171.938 0 225)
(78.75 7.3125 0 171.938 0 225)
(80.25 7.3125 0 171.938 0 225)
(81.75 7.3125 0 171.938 0 225)
(83.25 7.3125 0 171.938 0 225)
(84.75 7.3125 0 171.938 0 225)
(86.25 7.3125 0 171.938 0 225)
(87.75 7.3125 0 171.938 0 225)
(89.25 7.3125 0 171.938 0 225)
(90.75 7.3125 0 171.938 0 225)
(92.25 7.3125 0 171.938 0 225)
(93.75 7.3125 0 171.938 0 225)
(95.25 7.3125 0 171.938 0 225)
(96.75 7.3125 0 171.938 0 225)
(98.25 7.3125 0 171.938 0 225)
(99.75 7.3125 0 171.938 0 225)
(101.25 7.3125 0 171.938 0 225)
(102.75 7.3125 0 171.938 0 225)
(104.25 7.3125 0 171.938 0 225)
)
;

boundaryField
{
    ".*" { type zeroGradient; }
}
