/*--------------------------------*- C++ -*----------------------------------*\
  =========                 |
  \\      /  F ield         | OpenFOAM: The Open Source CFD Toolbox
   \\    /   O peration     | Version:  v2306
    \\  /    A nd           | Website:  www.openfoam.com
     \\/     M anipulation  |
\*---------------------------------------------------------------------------*/
FoamFile
{
    version     2.0;
    format      ascii;
    arch        "LSB;label=32;scalar=64";
    class       volScalarField;
    location    "1.5";
    object      T;
}
// * * * * * * * * * * * * * * * * * * * * * * * * * * * * * * * * * * * * * //

dimensions      [0 0 0 1 0 0 0];

internalField   nonuniform List<scalar>
400
(
300.798
301.492
302.159
302.784
303.352
303.849
304.261
304.58
304.797
304.907
304.907
304.797
304.58
304.261
303.849
303.352
302.784
302.159
301.492
300.798
301.693
302.386
303.054
303.679
304.247
304.743
305.156
305.474
305.691
305.801
305.801
305.691
305.474
305.156
304.743
304.247
303.679
303.054
302.386
301.693
302.587
303.281
303.948
304.574
305.141
305.638
306.05
306.369
306.586
306.696
306.696
306.586
306.369
306.05
305.638
305.141
304.574
303.948
303.281
302.587
303.482
304.175
304.843
305.468
306.036
306.532
306.945
307.264
307.481
307.59
307.59
307.481
307.264
306.945
306.532
306.036
305.468
304.843
304.175
303.482
304.377
305.07
305.737
306.363
306.931
307.427
307.84
308.158
308.375
308.485
308.485
308.375
308.158
307.84
307.427
306.931
306.363
305.737
305.07
304.377
305.271
305.965
306.632
307.257
307.825
308.322
308.734
309.053
309.27
309.38
309.38
309.27
309.053
308.734
308.322
307.825
307.257
306.632
305.965
305.271
306.166
306.859
307.527
308.152
308.72
309.216
309.629
309.947
310.164
310.274
310.274
310.164
309.947
309.629
309.216
308.72
308.152
307.527
306.859
306.166
307.06
307.754
308.421
309.047
309.614
310.111
310.523
310.842
311.059
311.169
311.169
311.059
310.842
310.523
310.111
309.614
309.047
308.421
307.754
307.06
307.955
308.648
309.316
309.941
310.509
311.005
311.418
311.737
311.954
312.063
312.063
311.954
311.737
311.418
311.005
310.509
309.941
309.316
308.648
307.955
308.85
309.543
310.21
310.836
311.404
311.9
312.313
312.631
312.848
312.958
312.958
312.848
312.631
312.313
311.9
311.404
310.836
310.21
309.543
308.85
309.744
310.438
311.105
311.73
312.298
312.795
313.207
313.526
313.743
313.853
313.853
313.743
313.526
313.207
312.795
312.298
311.73
311.105
310.438
309.744
310.639
311.332
312
312.625
313.193
313.689
314.102
314.42
314.637
314.747
314.747
314.637
314.42
314.102
313.689
313.193
312.625
312
311.332
310.639
311.533
312.227
312.894
313.52
314.087
314.584
314.996
315.315
315.532
315.642
315.642
315.532
315.315
314.996
314.584
314.087
313.52
312.894
312.227
311.533
312.428
313.121
313.789
314.414
314.982
315.478
315.891
316.21
316.427
316.536
316.536
316.427
316.21
315.891
315.478
314.982
314.414
313.789
313.121
312.428
313.323
314.016
314.683
315.309
315.877
316.373
316.786
317.104
317.321
317.431
317.431
317.321
317.104
316.786
316.373
315.877
315.309
314.683
314.016
313.323
314.217
314.911
315.578
316.203
316.771
317.268
317.68
317.999
318.216
318.326
318.326
318.216
317.999
317.68
317.268
316.771
316.203
315.578
314.911
314.217
315.112
315.805
316.473
317.098
317.666
318.162
318.575
318.893
319.11
319.22
319.22
319.11
318.893
318.575
318.162
317.666
317.098
316.473
315.805
315.112
316.006
316.7
317.367
317.993
318.56
319.057
319.469
319.788
320.005
320.115
320.115
320.005
319.788
319.469
319.057
318.56
317.993
317.367
316.7
316.006
316.901
317.594
318.262
318.887
319.455
319.951
320.364
320.683
320.9
321.009
321.009
320.9
320.683
320.364
319.951
319.455
318.887
318.262
317.594
316.901
317.796
318.489
319.156
319.782
320.35
320.846
321.259
321.577
321.794
321.904
321.904
321.794
321.577
321.259
320.846
320.35
319.782
319.156
318.489
317.796
)
;

boundaryField
{
    ".*" { type zeroGradient; }
}
