/*--------------------------------*- C++ -*----------------------------------*\
  =========                 |
  \\      /  F ield         | OpenFOAM: The Open Source CFD Toolbox
   \\    /   O peration     | Version:  v2306
    \\  /    A nd           | Website:  www.openfoam.com
     \\/     M anipulation  |
\*---------------------------------------------------------------------------*/
FoamFile
{
    version     2.0;
    format      ascii;
    arch        "LSB;label=32;scalar=64";
    class       volVectorField;
    location    "1.5";
    object      U;
}
// * * * * * * * * * * * * * * * * * * * * * * * * * * * * * * * * * * * * * //

dimensions      [0 1 -1 0 0 0 0];

internalField   nonuniform List<vector>
400
(
(0.000541288 -0.000541288 0)
(0.00479195 -0.00157088 0)
(0.0128772 -0.0024467 0)
(0.0240056 -0.00308302 0)
(0.0370877 -0.00341756 0)
(0.0508432 -0.00341756 0)
(0.0639254 -0.00308302 0)
(0.0750537 -0.0024467 0)
(0.083139 -0.00157088 0)
(0.0873896 -0.000541288 0)
(0.0873896 0.000541288 0)
(0.083139 0.00157088 0)
(0.0750537 0.0024467 0)
(0.0639254 0.00308302 0)
(0.0508432 0.00341756 0)
(0.0370877 0.00341756 0)
(0.0240056 0.00308302 0)
(0.0128772 0.0024467 0)
(0.00479195 0.00157088 0)
(0.000541288 0.000541288 0)
(0.00157088 -0.00479195 0)
(0.0139068 -0.0139068 0)
(0.037371 -0.0216603 0)
(0.0696668 -0.0272936 0)
(0.107633 -0.0302552 0)
(0.147553 -0.0302552 0)
(0.185519 -0.0272936 0)
(0.217814 -0.0216603 0)
(0.241279 -0.0139068 0)
(0.253615 -0.00479195 0)
(0.253615 0.00479195 0)
(0.241279 0.0139068 0)
(0.217814 0.0216603 0)
(0.185519 0.0272936 0)
(0.147553 0.0302552 0)
(0.107633 0.0302552 0)
(0.0696668 0.0272936 0)
(0.037371 0.0216603 0)
(0.0139068 0.0139068 0)
(0.00157088 0.00479195 0)
(0.00244675 -0.0128772 0)
(0.0216604 -0.037371 0)
(0.0582068 -0.0582068 0)
(0.108509 -0.0733448 0)
(0.167642 -0.0813033 0)
(0.229819 -0.0813033 0)
(0.288952 -0.0733448 0)
(0.339254 -0.0582068 0)
(0.3758 -0.037371 0)
(0.395014 -0.0128772 0)
(0.395014 0.0128772 0)
(0.3758 0.037371 0)
(0.339254 0.0582068 0)
(0.288952 0.0733448 0)
(0.229819 0.0813033 0)
(0.167642 0.0813033 0)
(0.108509 0.0733448 0)
(0.0582068 0.0582068 0)
(0.0216604 0.037371 0)
(0.00244675 0.0128772 0)
(0.00308381 -0.0240056 0)
(0.0272944 -0.0696668 0)
(0.0733456 -0.108509 0)
(0.13673 -0.136729 0)
(0.211242 -0.151565 0)
(0.289589 -0.151565 0)
(0.364102 -0.136729 0)
(0.427486 -0.108509 0)
(0.473537 -0.0696668 0)
(0.497747 -0.0240056 0)
(0.497747 0.0240056 0)
(0.473537 0.0696668 0)
(0.427486 0.108509 0)
(0.364102 0.136729 0)
(0.289589 0.151565 0)
(0.211242 0.151565 0)
(0.13673 0.136729 0)
(0.0733456 0.108509 0)
(0.0272944 0.0696668 0)
(0.00308381 0.0240056 0)
(0.00342343 -0.0370877 0)
(0.030261 -0.107633 0)
(0.0813092 -0.167642 0)
(0.151571 -0.211241 0)
(0.234169 -0.234163 0)
(0.321017 -0.234163 0)
(0.403615 -0.211241 0)
(0.473876 -0.167642 0)
(0.524925 -0.107633 0)
(0.551762 -0.0370877 0)
(0.551762 0.0370877 0)
(0.524925 0.107633 0)
(0.473876 0.167642 0)
(0.403615 0.211241 0)
(0.321017 0.234163 0)
(0.234169 0.234163 0)
(0.151571 0.211241 0)
(0.0813092 0.167642 0)
(0.030261 0.107633 0)
(0.00342343 0.0370877 0)
(0.00344682 -0.0508432 0)
(0.0302844 -0.147553 0)
(0.0813326 -0.229819 0)
(0.151594 -0.289588 0)
(0.234192 -0.321011 0)
(0.32104 -0.321011 0)
(0.403638 -0.289588 0)
(0.4739 -0.229819 0)
(0.524948 -0.147553 0)
(0.551786 -0.0508432 0)
(0.551786 0.0508432 0)
(0.524948 0.147553 0)
(0.4739 0.229819 0)
(0.403638 0.289588 0)
(0.32104 0.321011 0)
(0.234192 0.321011 0)
(0.151594 0.289588 0)
(0.0813326 0.229819 0)
(0.0302844 0.147553 0)
(0.00344682 0.0508432 0)
(0.00319437 -0.0639254 0)
(0.0274049 -0.185519 0)
(0.0734562 -0.288952 0)
(0.13684 -0.364101 0)
(0.211353 -0.403609 0)
(0.2897 -0.403609 0)
(0.364212 -0.364101 0)
(0.427596 -0.288952 0)
(0.473647 -0.185519 0)
(0.497858 -0.0639254 0)
(0.497858 0.0639254 0)
(0.473647 0.185519 0)
(0.427596 0.288952 0)
(0.364212 0.364101 0)
(0.2897 0.403609 0)
(0.211353 0.403609 0)
(0.13684 0.364101 0)
(0.0734562 0.288952 0)
(0.0274049 0.185519 0)
(0.00319437 0.0639254 0)
(0.00279655 -0.0750537 0)
(0.0220102 -0.217814 0)
(0.0585566 -0.339254 0)
(0.108858 -0.427485 0)
(0.167992 -0.473871 0)
(0.230168 -0.473871 0)
(0.289302 -0.427485 0)
(0.339604 -0.339254 0)
(0.37615 -0.217814 0)
(0.395364 -0.0750537 0)
(0.395364 0.0750537 0)
(0.37615 0.217814 0)
(0.339604 0.339254 0)
(0.289302 0.427485 0)
(0.230168 0.473871 0)
(0.167992 0.473871 0)
(0.108858 0.427485 0)
(0.0585566 0.339254 0)
(0.0220102 0.217814 0)
(0.00279655 0.0750537 0)
(0.00252311 -0.083139 0)
(0.014859 -0.241279 0)
(0.0383233 -0.3758 0)
(0.0706191 -0.473536 0)
(0.108585 -0.524919 0)
(0.148505 -0.524919 0)
(0.186471 -0.473536 0)
(0.218767 -0.3758 0)
(0.242231 -0.241279 0)
(0.254567 -0.083139 0)
(0.254567 0.083139 0)
(0.242231 0.241279 0)
(0.218767 0.3758 0)
(0.186471 0.473536 0)
(0.148505 0.524919 0)
(0.108585 0.524919 0)
(0.0706191 0.473536 0)
(0.0383233 0.3758 0)
(0.014859 0.241279 0)
(0.00252311 0.083139 0)
(0.00285963 -0.0873896 0)
(0.00711029 -0.253615 0)
(0.0151955 -0.395014 0)
(0.0263239 -0.497747 0)
(0.0394061 -0.551756 0)
(0.0531615 -0.551756 0)
(0.0662437 -0.497747 0)
(0.0773721 -0.395014 0)
(0.0854573 -0.253615 0)
(0.089708 -0.0873896 0)
(0.089708 0.0873896 0)
(0.0854573 0.253615 0)
(0.0773721 0.395014 0)
(0.0662437 0.497747 0)
(0.0531615 0.551756 0)
(0.0394061 0.551756 0)
(0.0263239 0.497747 0)
(0.0151955 0.395014 0)
(0.00711029 0.253615 0)
(0.00285963 0.0873896 0)
(0.00462173 -0.0873896 0)
(0.000371071 -0.253615 0)
(-0.00771417 -0.395014 0)
(-0.0188425 -0.497747 0)
(-0.0319247 -0.551756 0)
(-0.0456802 -0.551756 0)
(-0.0587623 -0.497747 0)
(-0.0698907 -0.395014 0)
(-0.0779759 -0.253615 0)
(-0.0822266 -0.0873896 0)
(-0.0822266 0.0873896 0)
(-0.0779759 0.253615 0)
(-0.0698907 0.395014 0)
(-0.0587623 0.497747 0)
(-0.0456802 0.551756 0)
(-0.0319247 0.551756 0)
(-0.0188425 0.497747 0)
(-0.00771417 0.395014 0)
(0.000371071 0.253615 0)
(0.00462173 0.0873896 0)
(0.00911898 -0.083139 0)
(-0.00321691 -0.241279 0)
(-0.0266812 -0.3758 0)
(-0.058977 -0.473536 0)
(-0.096943 -0.524919 0)
(-0.136863 -0.524919 0)
(-0.174829 -0.473536 0)
(-0.207125 -0.3758 0)
(-0.230589 -0.241279 0)
(-0.242925 -0.083139 0)
(-0.242925 0.083139 0)
(-0.230589 0.241279 0)
(-0.207125 0.3758 0)
(-0.174829 0.473536 0)
(-0.136863 0.524919 0)
(-0.096943 0.524919 0)
(-0.058977 0.473536 0)
(-0.0266812 0.3758 0)
(-0.00321691 0.241279 0)
(0.00911898 0.083139 0)
(0.0183823 -0.0750537 0)
(-0.000831262 -0.217814 0)
(-0.0373777 -0.339254 0)
(-0.0876796 -0.427485 0)
(-0.146813 -0.473871 0)
(-0.20899 -0.473871 0)
(-0.268123 -0.427485 0)
(-0.318425 -0.339254 0)
(-0.354971 -0.217814 0)
(-0.374185 -0.0750537 0)
(-0.374185 0.0750537 0)
(-0.354971 0.217814 0)
(-0.318425 0.339254 0)
(-0.268123 0.427485 0)
(-0.20899 0.473871 0)
(-0.146813 0.473871 0)
(-0.0876796 0.427485 0)
(-0.0373777 0.339254 0)
(-0.000831262 0.217814 0)
(0.0183823 0.0750537 0)
(0.0354701 -0.0639254 0)
(0.0112595 -0.185519 0)
(-0.0347917 -0.288952 0)
(-0.0981758 -0.364101 0)
(-0.172688 -0.403609 0)
(-0.251035 -0.403609 0)
(-0.325548 -0.364101 0)
(-0.388932 -0.288952 0)
(-0.434983 -0.185519 0)
(-0.459194 -0.0639254 0)
(-0.459194 0.0639254 0)
(-0.434983 0.185519 0)
(-0.388932 0.288952 0)
(-0.325548 0.364101 0)
(-0.251035 0.403609 0)
(-0.172688 0.403609 0)
(-0.0981758 0.364101 0)
(-0.0347917 0.288952 0)
(0.0112595 0.185519 0)
(0.0354701 0.0639254 0)
(0.0648687 -0.0508432 0)
(0.0380311 -0.147553 0)
(-0.0130171 -0.229819 0)
(-0.0832789 -0.289588 0)
(-0.165877 -0.321011 0)
(-0.252725 -0.321011 0)
(-0.335323 -0.289588 0)
(-0.405584 -0.229819 0)
(-0.456633 -0.147553 0)
(-0.48347 -0.0508432 0)
(-0.48347 0.0508432 0)
(-0.456633 0.147553 0)
(-0.405584 0.229819 0)
(-0.335323 0.289588 0)
(-0.252725 0.321011 0)
(-0.165877 0.321011 0)
(-0.0832789 0.289588 0)
(-0.0130171 0.229819 0)
(0.0380311 0.147553 0)
(0.0648687 0.0508432 0)
(0.113007 -0.0370877 0)
(0.0861689 -0.107633 0)
(0.0351208 -0.167642 0)
(-0.035141 -0.211241 0)
(-0.117739 -0.234163 0)
(-0.204587 -0.234163 0)
(-0.287185 -0.211241 0)
(-0.357446 -0.167642 0)
(-0.408495 -0.107633 0)
(-0.435332 -0.0370877 0)
(-0.435332 0.0370877 0)
(-0.408495 0.107633 0)
(-0.357446 0.167642 0)
(-0.287185 0.211241 0)
(-0.204587 0.234163 0)
(-0.117739 0.234163 0)
(-0.035141 0.211241 0)
(0.0351208 0.167642 0)
(0.0861689 0.107633 0)
(0.113007 0.0370877 0)
(0.188899 -0.0240056 0)
(0.164689 -0.0696668 0)
(0.118637 -0.108509 0)
(0.0552533 -0.136729 0)
(-0.0192592 -0.151565 0)
(-0.0976062 -0.151565 0)
(-0.172119 -0.136729 0)
(-0.235503 -0.108509 0)
(-0.281554 -0.0696668 0)
(-0.305764 -0.0240056 0)
(-0.305764 0.0240056 0)
(-0.281554 0.0696668 0)
(-0.235503 0.108509 0)
(-0.172119 0.136729 0)
(-0.0976062 0.151565 0)
(-0.0192592 0.151565 0)
(0.0552533 0.136729 0)
(0.118637 0.108509 0)
(0.164689 0.0696668 0)
(0.188899 0.0240056 0)
(0.304946 -0.0128772 0)
(0.285732 -0.037371 0)
(0.249186 -0.0582068 0)
(0.198884 -0.0733448 0)
(0.139751 -0.0813033 0)
(0.0775742 -0.0813033 0)
(0.0184408 -0.0733448 0)
(-0.0318611 -0.0582068 0)
(-0.0684075 -0.037371 0)
(-0.0876211 -0.0128772 0)
(-0.0876211 0.0128772 0)
(-0.0684075 0.037371 0)
(-0.0318611 0.0582068 0)
(0.0184408 0.0733448 0)
(0.0775742 0.0813033 0)
(0.139751 0.0813033 0)
(0.198884 0.0733448 0)
(0.249186 0.0582068 0)
(0.285732 0.037371 0)
(0.304946 0.0128772 0)
(0.477901 -0.00479195 0)
(0.465565 -0.0139068 0)
(0.442101 -0.0216603 0)
(0.409805 -0.0272936 0)
(0.371839 -0.0302552 0)
(0.331919 -0.0302552 0)
(0.293953 -0.0272936 0)
(0.261657 -0.0216603 0)
(0.238193 -0.0139068 0)
(0.225857 -0.00479195 0)
(0.225857 0.00479195 0)
(0.238193 0.0139068 0)
(0.261657 0.0216603 0)
(0.293953 0.0272936 0)
(0.331919 0.0302552 0)
(0.371839 0.0302552 0)
(0.409805 0.0272936 0)
(0.442101 0.0216603 0)
(0.465565 0.0139068 0)
(0.477901 0.00479195 0)
(0.730036 -0.000541288 0)
(0.725785 -0.00157088 0)
(0.7177 -0.0024467 0)
(0.706572 -0.00308302 0)
(0.69349 -0.00341756 0)
(0.679734 -0.00341756 0)
(0.666652 -0.00308302 0)
(0.655524 -0.0024467 0)
(0.647438 -0.00157088 0)
(0.643188 -0.000541288 0)
(0.643188 0.000541288 0)
(0.647438 0.00157088 0)
(0.655524 0.0024467 0)
(0.666652 0.00308302 0)
(0.679734 0.00341756 0)
(0.69349 0.00341756 0)
(0.706572 0.00308302 0)
(0.7177 0.0024467 0)
(0.725785 0.00157088 0)
(0.730036 0.000541288 0)
)
;

boundaryField
{
    movingWall { type fixedValue; value uniform (1 0 0); }
    fixedWalls { type noSlip; }
    frontAndBack { type empty; }
}
