/*--------------------------------*- C++ -*----------------------------------*\
  =========                 |
  \\      /  F ield         | OpenFOAM: The Open Source CFD Toolbox
   \\    /   O peration     | Version:  v2306
    \\  /    A nd           | Website:  www.openfoam.com
     \\/     M anipulation  |
\*---------------------------------------------------------------------------*/
FoamFile
{
    version     2.0;
    format      ascii;
    arch        "LSB;label=32;scalar=64";
    class       volSymmTensorField;
    location    "0";
    object      sigma;
}
// * * * * * * * * * * * * * * * * * * * * * * * * * * * * * * * * * * * * * //

dimensions      [1 -1 -2 0 0 0 0];

internalField   nonuniform List<symmTensor>
400
(
(0 0 0 0 0 0)
(0 0 0 0 0 0)
(0 0 0 0 0 0)
(0 0 0 0 0 0)
(0 0 0 0 0 0)
(0 0 0 0 0 0)
(0 0 0 0 0 0)
(0 0 0 0 0 0)
(0 0 0 0 0 0)
(0 0 0 0 0 0)
(0 0 0 0 0 0)
(0 0 0 0 0 0)
(0 0 0 0 0 0)
(0 0 0 0 0 0)
(0 0 0 0 0 0)
(0 0 0 0 0 0)
(0 0 0 0 0 0)
(0 0 0 0 0 0)
(0 0 0 0 0 0)
(0 0 0 0 0 0)
(0 0 0 0 0 0)
(0 0 0 0 0 0)
(0 0 0 0 0 0)
(0 0 0 0 0 0)
(0 0 0 0 0 0)
(0 0 0 0 0 0)
(0 0 0 0 0 0)
(0 0 0 0 0 0)
(0 0 0 0 0 0)
(0 0 0 0 0 0)
(0 0 0 0 0 0)
(0 0 0 0 0 0)
(0 0 0 0 0 0)
(0 0 0 0 0 0)
(0 0 0 0 0 0)
(0 0 0 0 0 0)
(0 0 0 0 0 0)
(0 0 0 0 0 0)
(0 0 0 0 0 0)
(0 0 0 0 0 0)
(0 0 0 0 0 0)
(0 0 0 0 0 0)
(0 0 0 0 0 0)
(0 0 0 0 0 0)
(0 0 0 0 0 0)
(0 0 0 0 0 0)
(0 0 0 0 0 0)
(0 0 0 0 0 0)
(0 0 0 0 0 0)
(0 0 0 0 0 0)
(0 0 0 0 0 0)
(0 0 0 0 0 0)
(0 0 0 0 0 0)
(0 0 0 0 0 0)
(0 0 0 0 0 0)
(0 0 0 0 0 0)
(0 0 0 0 0 0)
(0 0 0 0 0 0)
(0 0 0 0 0 0)
(0 0 0 0 0 0)
(0 0 0 0 0 0)
(0 0 0 0 0 0)
(0 0 0 0 0 0)
(0 0 0 0 0 0)
(0 0 0 0 0 0)
(0 0 0 0 0 0)
(0 0 0 0 0 0)
(0 0 0 0 0 0)
(0 0 0 0 0 0)
(0 0 0 0 0 0)
(0 0 0 0 0 0)
(0 0 0 0 0 0)
(0 0 0 0 0 0)
(0 0 0 0 0 0)
(0 0 0 0 0 0)
(0 0 0 0 0 0)
(0 0 0 0 0 0)
(0 0 0 0 0 0)
(0 0 0 0 0 0)
(0 0 0 0 0 0)
(0 0 0 0 0 0)
(0 0 0 0 0 0)
(0 0 0 0 0 0)
(0 0 0 0 0 0)
(0 0 0 0 0 0)
(0 0 0 0 0 0)
(0 0 0 0 0 0)
(0 0 0 0 0 0)
(0 0 0 0 0 0)
(0 0 0 0 0 0)
(0 0 0 0 0 0)
(0 0 0 0 0 0)
(0 0 0 0 0 0)
(0 0 0 0 0 0)
(0 0 0 0 0 0)
(0 0 0 0 0 0)
(0 0 0 0 0 0)
(0 0 0 0 0 0)
(0 0 0 0 0 0)
(0 0 0 0 0 0)
(0 0 0 0 0 0)
(0 0 0 0 0 0)
(0 0 0 0 0 0)
(0 0 0 0 0 0)
(0 0 0 0 0 0)
(0 0 0 0 0 0)
(0 0 0 0 0 0)
(0 0 0 0 0 0)
(0 0 0 0 0 0)
(0 0 0 0 0 0)
(0 0 0 0 0 0)
(0 0 0 0 0 0)
(0 0 0 0 0 0)
(0 0 0 0 0 0)
(0 0 0 0 0 0)
(0 0 0 0 0 0)
(0 0 0 0 0 0)
(0 0 0 0 0 0)
(0 0 0 0 0 0)
(0 0 0 0 0 0)
(0 0 0 0 0 0)
(0 0 0 0 0 0)
(0 0 0 0 0 0)
(0 0 0 0 0 0)
(0 0 0 0 0 0)
(0 0 0 0 0 0)
(0 0 0 0 0 0)
(0 0 0 0 0 0)
(0 0 0 0 0 0)
(0 0 0 0 0 0)
(0 0 0 0 0 0)
(0 0 0 0 0 0)
(0 0 0 0 0 0)
(0 0 0 0 0 0)
(0 0 0 0 0 0)
(0 0 0 0 0 0)
(0 0 0 0 0 0)
(0 0 0 0 0 0)
(0 0 0 0 0 0)
(0 0 0 0 0 0)
(0 0 0 0 0 0)
(0 0 0 0 0 0)
(0 0 0 0 0 0)
(0 0 0 0 0 0)
(0 0 0 0 0 0)
(0 0 0 0 0 0)
(0 0 0 0 0 0)
(0 0 0 0 0 0)
(0 0 0 0 0 0)
(0 0 0 0 0 0)
(0 0 0 0 0 0)
(0 0 0 0 0 0)
(0 0 0 0 0 0)
(0 0 0 0 0 0)
(0 0 0 0 0 0)
(0 0 0 0 0 0)
(0 0 0 0 0 0)
(0 0 0 0 0 0)
(0 0 0 0 0 0)
(0 0 0 0 0 0)
(0 0 0 0 0 0)
(0 0 0 0 0 0)
(0 0 0 0 0 0)
(0 0 0 0 0 0)
(0 0 0 0 0 0)
(0 0 0 0 0 0)
(0 0 0 0 0 0)
(0 0 0 0 0 0)
(0 0 0 0 0 0)
(0 0 0 0 0 0)
(0 0 0 0 0 0)
(0 0 0 0 0 0)
(0 0 0 0 0 0)
(0 0 0 0 0 0)
(0 0 0 0 0 0)
(0 0 0 0 0 0)
(0 0 0 0 0 0)
(0 0 0 0 0 0)
(0 0 0 0 0 0)
(0 0 0 0 0 0)
(0 0 0 0 0 0)
(0 0 0 0 0 0)
(0 0 0 0 0 0)
(0 0 0 0 0 0)
(0 0 0 0 0 0)
(0 0 0 0 0 0)
(0 0 0 0 0 0)
(0 0 0 0 0 0)
(0 0 0 0 0 0)
(0 0 0 0 0 0)
(0 0 0 0 0 0)
(0 0 0 0 0 0)
(0 0 0 0 0 0)
(0 0 0 0 0 0)
(0 0 0 0 0 0)
(0 0 0 0 0 0)
(0 0 0 0 0 0)
(0 0 0 0 0 0)
(0 0 0 0 0 0)
(0 0 0 0 0 0)
(0 0 0 0 0 0)
(0 0 0 0 0 0)
(0 0 0 0 0 0)
(0 0 0 0 0 0)
(0 0 0 0 0 0)
(0 0 0 0 0 0)
(0 0 0 0 0 0)
(0 0 0 0 0 0)
(0 0 0 0 0 0)
(0 0 0 0 0 0)
(0 0 0 0 0 0)
(0 0 0 0 0 0)
(0 0 0 0 0 0)
(0 0 0 0 0 0)
(0 0 0 0 0 0)
(0 0 0 0 0 0)
(0 0 0 0 0 0)
(0 0 0 0 0 0)
(0 0 0 0 0 0)
(0 0 0 0 0 0)
(0 0 0 0 0 0)
(0 0 0 0 0 0)
(0 0 0 0 0 0)
(0 0 0 0 0 0)
(0 0 0 0 0 0)
(0 0 0 0 0 0)
(0 0 0 0 0 0)
(0 0 0 0 0 0)
(0 0 0 0 0 0)
(0 0 0 0 0 0)
(0 0 0 0 0 0)
(0 0 0 0 0 0)
(0 0 0 0 0 0)
(0 0 0 0 0 0)
(0 0 0 0 0 0)
(0 0 0 0 0 0)
(0 0 0 0 0 0)
(0 0 0 0 0 0)
(0 0 0 0 0 0)
(0 0 0 0 0 0)
(0 0 0 0 0 0)
(0 0 0 0 0 0)
(0 0 0 0 0 0)
(0 0 0 0 0 0)
(0 0 0 0 0 0)
(0 0 0 0 0 0)
(0 0 0 0 0 0)
(0 0 0 0 0 0)
(0 0 0 0 0 0)
(0 0 0 0 0 0)
(0 0 0 0 0 0)
(0 0 0 0 0 0)
(0 0 0 0 0 0)
(0 0 0 0 0 0)
(0 0 0 0 0 0)
(0 0 0 0 0 0)
(0 0 0 0 0 0)
(0 0 0 0 0 0)
(0 0 0 0 0 0)
(0 0 0 0 0 0)
(0 0 0 0 0 0)
(0 0 0 0 0 0)
(0 0 0 0 0 0)
(0 0 0 0 0 0)
(0 0 0 0 0 0)
(0 0 0 0 0 0)
(0 0 0 0 0 0)
(0 0 0 0 0 0)
(0 0 0 0 0 0)
(0 0 0 0 0 0)
(0 0 0 0 0 0)
(0 0 0 0 0 0)
(0 0 0 0 0 0)
(0 0 0 0 0 0)
(0 0 0 0 0 0)
(0 0 0 0 0 0)
(0 0 0 0 0 0)
(0 0 0 0 0 0)
(0 0 0 0 0 0)
(0 0 0 0 0 0)
(0 0 0 0 0 0)
(0 0 0 0 0 0)
(0 0 0 0 0 0)
(0 0 0 0 0 0)
(0 0 0 0 0 0)
(0 0 0 0 0 0)
(0 0 0 0 0 0)
(0 0 0 0 0 0)
(0 0 0 0 0 0)
(0 0 0 0 0 0)
(0 0 0 0 0 0)
(0 0 0 0 0 0)
(0 0 0 0 0 0)
(0 0 0 0 0 0)
(0 0 0 0 0 0)
(0 0 0 0 0 0)
(0 0 0 0 0 0)
(0 0 0 0 0 0)
(0 0 0 0 0 0)
(0 0 0 0 0 0)
(0 0 0 0 0 0)
(0 0 0 0 0 0)
(0 0 0 0 0 0)
(0 0 0 0 0 0)
(0 0 0 0 0 0)
(0 0 0 0 0 0)
(0 0 0 0 0 0)
(0 0 0 0 0 0)
(0 0 0 0 0 0)
(0 0 0 0 0 0)
(0 0 0 0 0 0)
(0 0 0 0 0 0)
(0 0 0 0 0 0)
(0 0 0 0 0 0)
(0 0 0 0 0 0)
(0 0 0 0 0 0)
(0 0 0 0 0 0)
(0 0 0 0 0 0)
(0 0 0 0 0 0)
(0 0 0 0 0 0)
(0 0 0 0 0 0)
(0 0 0 0 0 0)
(0 0 0 0 0 0)
(0 0 0 0 0 0)
(0 0 0 0 0 0)
(0 0 0 0 0 0)
(0 0 0 0 0 0)
(0 0 0 0 0 0)
(0 0 0 0 0 0)
(0 0 0 0 0 0)
(0 0 0 0 0 0)
(0 0 0 0 0 0)
(0 0 0 0 0 0)
(0 0 0 0 0 0)
(0 0 0 0 0 0)
(0 0 0 0 0 0)
(0 0 0 0 0 0)
(0 0 0 0 0 0)
(0 0 0 0 0 0)
(0 0 0 0 0 0)
(0 0 0 0 0 0)
(0 0 0 0 0 0)
(0 0 0 0 0 0)
(0 0 0 0 0 0)
(0 0 0 0 0 0)
(0 0 0 0 0 0)
(0 0 0 0 0 0)
(0 0 0 0 0 0)
(0 0 0 0 0 0)
(0 0 0 0 0 0)
(0 0 0 0 0 0)
(0 0 0 0 0 0)
(0 0 0 0 0 0)
(0 0 0 0 0 0)
(0 0 0 0 0 0)
(0 0 0 0 0 0)
(0 0 0 0 0 0)
(0 0 0 0 0 0)
(0 0 0 0 0 0)
(0 0 0 0 0 0)
(0 0 0 0 0 0)
(0 0 0 0 0 0)
(0 0 0 0 0 0)
(0 0 0 0 0 0)
(0 0 0 0 0 0)
(0 0 0 0 0 0)
(0 0 0 0 0 0)
(0 0 0 0 0 0)
(0 0 0 0 0 0)
(0 0 0 0 0 0)
(0 0 0 0 0 0)
(0 0 0 0 0 0)
(0 0 0 0 0 0)
(0 0 0 0 0 0)
(0 0 0 0 0 0)
(0 0 0 0 0 0)
(0 0 0 0 0 0)
(0 0 0 0 0 0)
(0 0 0 0 0 0)
(0 0 0 0 0 0)
(0 0 0 0 0 0)
(0 0 0 0 0 0)
(0 0 0 0 0 0)
(0 0 0 0 0 0)
(0 0 0 0 0 0)
(0 0 0 0 0 0)
(0 0 0 0 0 0)
(0 0 0 0 0 0)
(0 0 0 0 0 0)
(0 0 0 0 0 0)
(0 0 0 0 0 0)
(0 0 0 0 0 0)
(0 0 0 0 0 0)
(0 0 0 0 0 0)
(0 0 0 0 0 0)
(0 0 0 0 0 0)
(0 0 0 0 0 0)
(0 0 0 0 0 0)
(0 0 0 0 0 0)
(0 0 0 0 0 0)
)
;

boundaryField
{
    ".*" { type zeroGradient; }
}
