/*--------------------------------*- C++ -*----------------------------------*\
  =========                 |
  \\      /  F ield         | OpenFOAM: The Open Source CFD Toolbox
   \\    /   O peration     | Version:  v2306
    \\  /    A nd           | Website:  www.openfoam.com
     \\/     M anipulation  |
\*---------------------------------------------------------------------------*/
FoamFile
{
    version     2.0;
    format      ascii;
    arch        "LSB;label=32;scalar=64";
    class       volScalarField;
    location    "0.5";
    object      p;
}
// * * * * * * * * * * * * * * * * * * * * * * * * * * * * * * * * * * * * * //

dimensions      [0 2 -2 0 0 0 0];

internalField   nonuniform List<scalar>
400
(
0.0262192
0.0255692
0.0242685
0.0223228
0.0197577
0.0166291
0.0130295
0.0090839
0.00493704
0.000735151
-0.00339185
-0.00734235
-0.0110455
-0.0144543
-0.0175324
-0.0202402
-0.0225266
-0.0243282
-0.0255781
-0.0262194
0.0255692
0.0248767
0.0233755
0.0208988
0.0173323
0.0127141
0.00728776
0.00148347
-0.00417057
-0.00917858
-0.013204
-0.0161476
-0.0181503
-0.0195193
-0.0206061
-0.0216807
-0.0228463
-0.0240246
-0.0250112
-0.0255781
0.0242685
0.0233755
0.0213396
0.0177983
0.0124959
0.00549316
-0.00272258
-0.0112802
-0.0191166
-0.025256
-0.0290806
-0.0304963
-0.0299349
-0.0281928
-0.0261655
-0.0245716
-0.0237654
-0.0236967
-0.0240246
-0.0243282
0.0223228
0.0208988
0.0177983
0.0126761
0.00534775
-0.00397295
-0.0145564
-0.0252245
-0.0345947
-0.0414271
-0.0449568
-0.045097
-0.0424408
-0.0380627
-0.0331904
-0.0288615
-0.0256826
-0.0237654
-0.0228463
-0.0225266
0.0197577
0.0173323
0.0124957
0.0053475
-0.00382015
-0.0144325
-0.0256137
-0.0362689
-0.0452577
-0.051617
-0.0547649
-0.0546239
-0.0516227
-0.0465772
-0.0404893
-0.0343288
-0.0288618
-0.0245718
-0.0216807
-0.0202402
0.016629
0.0127138
0.00549234
-0.00397441
-0.0144342
-0.0247224
-0.0339712
-0.0416912
-0.0477172
-0.0520615
-0.0547501
-0.0557167
-0.0548047
-0.0518757
-0.0469771
-0.0404911
-0.0331919
-0.0261663
-0.0206064
-0.0175324
0.0130294
0.0072867
-0.00272542
-0.0145616
-0.0256211
-0.0339784
-0.0389275
-0.0410482
-0.0417882
-0.0427401
-0.0449032
-0.048224
-0.0515983
-0.0533322
-0.0518828
-0.0465845
-0.0380679
-0.0281956
-0.0195203
-0.0144544
0.00908358
0.00148081
-0.0112873
-0.0252377
-0.0362883
-0.0417144
-0.0410668
-0.0362143
-0.0305043
-0.0273752
-0.0289594
-0.0352179
-0.0439413
-0.0516169
-0.0548278
-0.0516422
-0.0424539
-0.029942
-0.018153
-0.0110458
0.00493636
-0.00417533
-0.0191291
-0.0346178
-0.0452925
-0.0477609
-0.0418315
-0.0305308
-0.0188932
-0.0119905
-0.0129569
-0.0217687
-0.0352445
-0.0482673
-0.0557604
-0.0546587
-0.0451201
-0.0305088
-0.0161524
-0.00734303
0.00073378
-0.00918338
-0.0252673
-0.0414473
-0.0516467
-0.0520979
-0.0427733
-0.0273886
-0.0119743
-0.00256561
-0.00289041
-0.0129407
-0.0289728
-0.0449364
-0.0547864
-0.0547946
-0.044977
-0.0290919
-0.0132088
-0.00339322
-0.00339552
-0.0132
-0.0290621
-0.0449182
-0.0547018
-0.0546578
-0.0447737
-0.0287812
-0.012728
-0.00266668
-0.00234188
-0.0117616
-0.0271969
-0.0426107
-0.0519692
-0.0515539
-0.0413885
-0.0252375
-0.00917461
0.000731487
-0.00735638
-0.0161158
-0.0303772
-0.0448577
-0.0542425
-0.0551825
-0.0475357
-0.0343821
-0.0208113
-0.0119495
-0.0109831
-0.0179358
-0.0296684
-0.0410999
-0.047183
-0.0448763
-0.0343554
-0.0189975
-0.00413873
0.00492301
-0.0111032
-0.0180688
-0.0295886
-0.0417299
-0.0504825
-0.0532101
-0.0495636
-0.0415173
-0.0325247
-0.0261247
-0.0245404
-0.0278111
-0.0337903
-0.0390135
-0.0400967
-0.0351287
-0.0245137
-0.0109339
0.00156495
0.00902617
-0.0146715
-0.0194118
-0.0274677
-0.0364874
-0.0440019
-0.0482464
-0.0486936
-0.0461072
-0.0421135
-0.0384671
-0.036304
-0.0356777
-0.0355571
-0.0342889
-0.030342
-0.0230384
-0.0129812
-0.00199746
0.00739527
0.0128123
-0.0182622
-0.0206985
-0.0250452
-0.0304011
-0.0357374
-0.0401595
-0.0430953
-0.0443545
-0.0440534
-0.042449
-0.0397605
-0.0360539
-0.0312411
-0.0251908
-0.0179048
-0.0096805
-0.00118361
0.00661342
0.0126218
0.0158992
-0.0224594
-0.0228129
-0.0236364
-0.0250807
-0.0272024
-0.0298455
-0.032588
-0.0347878
-0.0357215
-0.0347755
-0.0316276
-0.0263553
-0.019434
-0.0116245
-0.00378858
0.00330624
0.00912855
0.0134311
0.0162001
0.0175385
-0.0287313
-0.0274341
-0.0252777
-0.0229619
-0.0211647
-0.0202613
-0.0201574
-0.0203024
-0.0198832
-0.0181262
-0.0145965
-0.00938096
-0.00308623
0.00334886
0.00895617
0.0130446
0.0153968
0.0162859
0.016311
0.0161182
-0.0405014
-0.0381432
-0.0339074
-0.0285973
-0.0230804
-0.0180257
-0.0137299
-0.0100932
-0.00674671
-0.00327651
0.000548134
0.00463304
0.00856149
0.0117403
0.0136329
0.0139871
0.0129664
0.0111289
0.00925691
0.00809533
-0.0653016
-0.0626772
-0.0577769
-0.0512121
-0.0437141
-0.0359813
-0.0285622
-0.0218066
-0.0158903
-0.0108892
-0.00686377
-0.00391325
-0.00217282
-0.00175513
-0.00266109
-0.00470111
-0.00746695
-0.0103768
-0.0127893
-0.0141542
-0.118916
-0.117195
-0.11389
-0.10926
-0.103649
-0.0974454
-0.0910426
-0.0848057
-0.0790478
-0.074017
-0.06989
-0.0667684
-0.0646763
-0.0635589
-0.063284
-0.0636512
-0.0644107
-0.0652932
-0.0660472
-0.0664776
)
;

boundaryField
{
    ".*" { type zeroGradient; }
}
