/*--------------------------------*- C++ -*----------------------------------*\
  =========                 |
  \\      /  F ield         | OpenFOAM: The Open Source CFD Toolbox
   \\    /   O peration     | Version:  v2306
    \\  /    A nd           | Website:  www.openfoam.com
     \\/     M anipulation  |
\*---------------------------------------------------------------------------*/
FoamFile
{
    version     2.0;
    format      ascii;
    arch        "LSB;label=32;scalar=64";
    class       volSymmTensorField;
    location    "0.5";
    object      sigma;
}
// * * * * * * * * * * * * * * * * * * * * * * * * * * * * * * * * * * * * * //

dimensions      [1 -1 -2 0 0 0 0];

internalField   nonuniform List<symmTensor>
400
(
(25.25 0.0625 0 50.1875 0 75)
(25.75 0.0625 0 50.1875 0 75)
(26.25 0.0625 0 50.1875 0 75)
(26.75 0.0625 0 50.1875 0 75)
(27.25 0.0625 0 50.1875 0 75)
(27.75 0.0625 0 50.1875 0 75)
(28.25 0.0625 0 50.1875 0 75)
(28.75 0.0625 0 50.1875 0 75)
(29.25 0.0625 0 50.1875 0 75)
(29.75 0.0625 0 50.1875 0 75)
(30.25 0.0625 0 50.1875 0 75)
(30.75 0.0625 0 50.1875 0 75)
(31.25 0.0625 0 50.1875 0 75)
(31.75 0.0625 0 50.1875 0 75)
(32.25 0.0625 0 50.1875 0 75)
(32.75 0.0625 0 50.1875 0 75)
(33.25 0.0625 0 50.1875 0 75)
(33.75 0.0625 0 50.1875 0 75)
(34.25 0.0625 0 50.1875 0 75)
(34.75 0.0625 0 50.1875 0 75)
(25.25 0.1875 0 50.5625 0 75)
(25.75 0.1875 0 50.5625 0 75)
(26.25 0.1875 0 50.5625 0 75)
(26.75 0.1875 0 50.5625 0 75)
(27.25 0.1875 0 50.5625 0 75)
(27.75 0.1875 0 50.5625 0 75)
(28.25 0.1875 0 50.5625 0 75)
(28.75 0.1875 0 50.5625 0 75)
(29.25 0.1875 0 50.5625 0 75)
(29.75 0.1875 0 50.5625 0 75)
(30.25 0.1875 0 50.5625 0 75)
(30.75 0.1875 0 50.5625 0 75)
(31.25 0.1875 0 50.5625 0 75)
(31.75 0.1875 0 50.5625 0 75)
(32.25 0.1875 0 50.5625 0 75)
(32.75 0.1875 0 50.5625 0 75)
(33.25 0.1875 0 50.5625 0 75)
(33.75 0.1875 0 50.5625 0 75)
(34.25 0.1875 0 50.5625 0 75)
(34.75 0.1875 0 50.5625 0 75)
(25.25 0.3125 0 50.9375 0 75)
(25.75 0.3125 0 50.9375 0 75)
(26.25 0.3125 0 50.9375 0 75)
(26.75 0.3125 0 50.9375 0 75)
(27.25 0.3125 0 50.9375 0 75)
(27.75 0.3125 0 50.9375 0 75)
(28.25 0.3125 0 50.9375 0 75)
(28.75 0.3125 0 50.9375 0 75)
(29.25 0.3125 0 50.9375 0 75)
(29.75 0.3125 0 50.9375 0 75)
(30.25 0.3125 0 50.9375 0 75)
(30.75 0.3125 0 50.9375 0 75)
(31.25 0.3125 0 50.9375 0 75)
(31.75 0.3125 0 50.9375 0 75)
(32.25 0.3125 0 50.9375 0 75)
(32.75 0.3125 0 50.9375 0 75)
(33.25 0.3125 0 50.9375 0 75)
(33.75 0.3125 0 50.9375 0 75)
(34.25 0.3125 0 50.9375 0 75)
(34.75 0.3125 0 50.9375 0 75)
(25.25 0.4375 0 51.3125 0 75)
(25.75 0.4375 0 51.3125 0 75)
(26.25 0.4375 0 51.3125 0 75)
(26.75 0.4375 0 51.3125 0 75)
(27.25 0.4375 0 51.3125 0 75)
(27.75 0.4375 0 51.3125 0 75)
(28.25 0.4375 0 51.3125 0 75)
(28.75 0.4375 0 51.3125 0 75)
(29.25 0.4375 0 51.3125 0 75)
(29.75 0.4375 0 51.3125 0 75)
(30.25 0.4375 0 51.3125 0 75)
(30.75 0.4375 0 51.3125 0 75)
(31.25 0.4375 0 51.3125 0 75)
(31.75 0.4375 0 51.3125 0 75)
(32.25 0.4375 0 51.3125 0 75)
(32.75 0.4375 0 51.3125 0 75)
(33.25 0.4375 0 51.3125 0 75)
(33.75 0.4375 0 51.3125 0 75)
(34.25 0.4375 0 51.3125 0 75)
(34.75 0.4375 0 51.3125 0 75)
(25.25 0.5625 0 51.6875 0 75)
(25.75 0.5625 0 51.6875 0 75)
(26.25 0.5625 0 51.6875 0 75)
(26.75 0.5625 0 51.6875 0 75)
(27.25 0.5625 0 51.6875 0 75)
(27.75 0.5625 0 51.6875 0 75)
(28.25 0.5625 0 51.6875 0 75)
(28.75 0.5625 0 51.6875 0 75)
(29.25 0.5625 0 51.6875 0 75)
(29.75 0.5625 0 51.6875 0 75)
(30.25 0.5625 0 51.6875 0 75)
(30.75 0.5625 0 51.6875 0 75)
(31.25 0.5625 0 51.6875 0 75)
(31.75 0.5625 0 51.6875 0 75)
(32.25 0.5625 0 51.6875 0 75)
(32.75 0.5625 0 51.6875 0 75)
(33.25 0.5625 0 51.6875 0 75)
(33.75 0.5625 0 51.6875 0 75)
(34.25 0.5625 0 51.6875 0 75)
(34.75 0.5625 0 51.6875 0 75)
(25.25 0.6875 0 52.0625 0 75)
(25.75 0.6875 0 52.0625 0 75)
(26.25 0.6875 0 52.0625 0 75)
(26.75 0.6875 0 52.0625 0 75)
(27.25 0.6875 0 52.0625 0 75)
(27.75 0.6875 0 52.0625 0 75)
(28.25 0.6875 0 52.0625 0 75)
(28.75 0.6875 0 52.0625 0 75)
(29.25 0.6875 0 52.0625 0 75)
(29.75 0.6875 0 52.0625 0 75)
(30.25 0.6875 0 52.0625 0 75)
(30.75 0.6875 0 52.0625 0 75)
(31.25 0.6875 0 52.0625 0 75)
(31.75 0.6875 0 52.0625 0 75)
(32.25 0.6875 0 52.0625 0 75)
(32.75 0.6875 0 52.0625 0 75)
(33.25 0.6875 0 52.0625 0 75)
(33.75 0.6875 0 52.0625 0 75)
(34.25 0.6875 0 52.0625 0 75)
(34.75 0.6875 0 52.0625 0 75)
(25.25 0.8125 0 52.4375 0 75)
(25.75 0.8125 0 52.4375 0 75)
(26.25 0.8125 0 52.4375 0 75)
(26.75 0.8125 0 52.4375 0 75)
(27.25 0.8125 0 52.4375 0 75)
(27.75 0.8125 0 52.4375 0 75)
(28.25 0.8125 0 52.4375 0 75)
(28.75 0.8125 0 52.4375 0 75)
(29.25 0.8125 0 52.4375 0 75)
(29.75 0.8125 0 52.4375 0 75)
(30.25 0.8125 0 52.4375 0 75)
(30.75 0.8125 0 52.4375 0 75)
(31.25 0.8125 0 52.4375 0 75)
(31.75 0.8125 0 52.4375 0 75)
(32.25 0.8125 0 52.4375 0 75)
(32.75 0.8125 0 52.4375 0 75)
(33.25 0.8125 0 52.4375 0 75)
(33.75 0.8125 0 52.4375 0 75)
(34.25 0.8125 0 52.4375 0 75)
(34.75 0.8125 0 52.4375 0 75)
(25.25 0.9375 0 52.8125 0 75)
(25.75 0.9375 0 52.8125 0 75)
(26.25 0.9375 0 52.8125 0 75)
(26.75 0.9375 0 52.8125 0 75)
(27.25 0.9375 0 52.8125 0 75)
(27.75 0.9375 0 52.8125 0 75)
(28.25 0.9375 0 52.8125 0 75)
(28.75 0.9375 0 52.8125 0 75)
(29.25 0.9375 0 52.8125 0 75)
(29.75 0.9375 0 52.8125 0 75)
(30.25 0.9375 0 52.8125 0 75)
(30.75 0.9375 0 52.8125 0 75)
(31.25 0.9375 0 52.8125 0 75)
(31.75 0.9375 0 52.8125 0 75)
(32.25 0.9375 0 52.8125 0 75)
(32.75 0.9375 0 52.8125 0 75)
(33.25 0.9375 0 52.8125 0 75)
(33.75 0.9375 0 52.8125 0 75)
(34.25 0.9375 0 52.8125 0 75)
(34.75 0.9375 0 52.8125 0 75)
(25.25 1.0625 0 53.1875 0 75)
(25.75 1.0625 0 53.1875 0 75)
(26.25 1.0625 0 53.1875 0 75)
(26.75 1.0625 0 53.1875 0 75)
(27.25 1.0625 0 53.1875 0 75)
(27.75 1.0625 0 53.1875 0 75)
(28.25 1.0625 0 53.1875 0 75)
(28.75 1.0625 0 53.1875 0 75)
(29.25 1.0625 0 53.1875 0 75)
(29.75 1.0625 0 53.1875 0 75)
(30.25 1.0625 0 53.1875 0 75)
(30.75 1.0625 0 53.1875 0 75)
(31.25 1.0625 0 53.1875 0 75)
(31.75 1.0625 0 53.1875 0 75)
(32.25 1.0625 0 53.1875 0 75)
(32.75 1.0625 0 53.1875 0 75)
(33.25 1.0625 0 53.1875 0 75)
(33.75 1.0625 0 53.1875 0 75)
(34.25 1.0625 0 53.1875 0 75)
(34.75 1.0625 0 53.1875 0 75)
(25.25 1.1875 0 53.5625 0 75)
(25.75 1.1875 0 53.5625 0 75)
(26.25 1.1875 0 53.5625 0 75)
(26.75 1.1875 0 53.5625 0 75)
(27.25 1.1875 0 53.5625 0 75)
(27.75 1.1875 0 53.5625 0 75)
(28.25 1.1875 0 53.5625 0 75)
(28.75 1.1875 0 53.5625 0 75)
(29.25 1.1875 0 53.5625 0 75)
(29.75 1.1875 0 53.5625 0 75)
(30.25 1.1875 0 53.5625 0 75)
(30.75 1.1875 0 53.5625 0 75)
(31.25 1.1875 0 53.5625 0 75)
(31.75 1.1875 0 53.5625 0 75)
(32.25 1.1875 0 53.5625 0 75)
(32.75 1.1875 0 53.5625 0 75)
(33.25 1.1875 0 53.5625 0 75)
(33.75 1.1875 0 53.5625 0 75)
(34.25 1.1875 0 53.5625 0 75)
(34.75 1.1875 0 53.5625 0 75)
(25.25 1.3125 0 53.9375 0 75)
(25.75 1.3125 0 53.9375 0 75)
(26.25 1.3125 0 53.9375 0 75)
(26.75 1.3125 0 53.9375 0 75)
(27.25 1.3125 0 53.9375 0 75)
(27.75 1.3125 0 53.9375 0 75)
(28.25 1.3125 0 53.9375 0 75)
(28.75 1.3125 0 53.9375 0 75)
(29.25 1.3125 0 53.9375 0 75)
(29.75 1.3125 0 53.9375 0 75)
(30.25 1.3125 0 53.9375 0 75)
(30.75 1.3125 0 53.9375 0 75)
(31.25 1.3125 0 53.9375 0 75)
(31.75 1.3125 0 53.9375 0 75)
(32.25 1.3125 0 53.9375 0 75)
(32.75 1.3125 0 53.9375 0 75)
(33.25 1.3125 0 53.9375 0 75)
(33.75 1.3125 0 53.9375 0 75)
(34.25 1.3125 0 53.9375 0 75)
(34.75 1.3125 0 53.9375 0 75)
(25.25 1.4375 0 54.3125 0 75)
(25.75 1.4375 0 54.3125 0 75)
(26.25 1.4375 0 54.3125 0 75)
(26.75 1.4375 0 54.3125 0 75)
(27.25 1.4375 0 54.3125 0 75)
(27.75 1.4375 0 54.3125 0 75)
(28.25 1.4375 0 54.3125 0 75)
(28.75 1.4375 0 54.3125 0 75)
(29.25 1.4375 0 54.3125 0 75)
(29.75 1.4375 0 54.3125 0 75)
(30.25 1.4375 0 54.3125 0 75)
(30.75 1.4375 0 54.3125 0 75)
(31.25 1.4375 0 54.3125 0 75)
(31.75 1.4375 0 54.3125 0 75)
(32.25 1.4375 0 54.3125 0 75)
(32.75 1.4375 0 54.3125 0 75)
(33.25 1.4375 0 54.3125 0 75)
(33.75 1.4375 0 54.3125 0 75)
(34.25 1.4375 0 54.3125 0 75)
(34.75 1.4375 0 54.3125 0 75)
(25.25 1.5625 0 54.6875 0 75)
(25.75 1.5625 0 54.6875 0 75)
(26.25 1.5625 0 54.6875 0 75)
(26.75 1.5625 0 54.6875 0 75)
(27.25 1.5625 0 54.6875 0 75)
(27.75 1.5625 0 54.6875 0 75)
(28.25 1.5625 0 54.6875 0 75)
(28.75 1.5625 0 54.6875 0 75)
(29.25 1.5625 0 54.6875 0 75)
(29.75 1.5625 0 54.6875 0 75)
(30.25 1.5625 0 54.6875 0 75)
(30.75 1.5625 0 54.6875 0 75)
(31.25 1.5625 0 54.6875 0 75)
(31.75 1.5625 0 54.6875 0 75)
(32.25 1.5625 0 54.6875 0 75)
(32.75 1.5625 0 54.6875 0 75)
(33.25 1.5625 0 54.6875 0 75)
(33.75 1.5625 0 54.6875 0 75)
(34.25 1.5625 0 54.6875 0 75)
(34.75 1.5625 0 54.6875 0 75)
(25.25 1.6875 0 55.0625 0 75)
(25.75 1.6875 0 55.0625 0 75)
(26.25 1.6875 0 55.0625 0 75)
(26.75 1.6875 0 55.0625 0 75)
(27.25 1.6875 0 55.0625 0 75)
(27.75 1.6875 0 55.0625 0 75)
(28.25 1.6875 0 55.0625 0 75)
(28.75 1.6875 0 55.0625 0 75)
(29.25 1.6875 0 55.0625 0 75)
(29.75 1.6875 0 55.0625 0 75)
(30.25 1.6875 0 55.0625 0 75)
(30.75 1.6875 0 55.0625 0 75)
(31.25 1.6875 0 55.0625 0 75)
(31.75 1.6875 0 55.0625 0 75)
(32.25 1.6875 0 55.0625 0 75)
(32.75 1.6875 0 55.0625 0 75)
(33.25 1.6875 0 55.0625 0 75)
(33.75 1.6875 0 55.0625 0 75)
(34.25 1.6875 0 55.0625 0 75)
(34.75 1.6875 0 55.0625 0 75)
(25.25 1.8125 0 55.4375 0 75)
(25.75 1.8125 0 55.4375 0 75)
(26.25 1.8125 0 55.4375 0 75)
(26.75 1.8125 0 55.4375 0 75)
(27.25 1.8125 0 55.4375 0 75)
(27.75 1.8125 0 55.4375 0 75)
(28.25 1.8125 0 55.4375 0 75)
(28.75 1.8125 0 55.4375 0 75)
(29.25 1.8125 0 55.4375 0 75)
(29.75 1.8125 0 55.4375 0 75)
(30.25 1.8125 0 55.4375 0 75)
(30.75 1.8125 0 55.4375 0 75)
(31.25 1.8125 0 55.4375 0 75)
(31.75 1.8125 0 55.4375 0 75)
(32.25 1.8125 0 55.4375 0 75)
(32.75 1.8125 0 55.4375 0 75)
(33.25 1.8125 0 55.4375 0 75)
(33.75 1.8125 0 55.4375 0 75)
(34.25 1.8125 0 55.4375 0 75)
(34.75 1.8125 0 55.4375 0 75)
(25.25 1.9375 0 55.8125 0 75)
(25.75 1.9375 0 55.8125 0 75)
(26.25 1.9375 0 55.8125 0 75)
(26.75 1.9375 0 55.8125 0 75)
(27.25 1.9375 0 55.8125 0 75)
(27.75 1.9375 0 55.8125 0 75)
(28.25 1.9375 0 55.8125 0 75)
(28.75 1.9375 0 55.8125 0 75)
(29.25 1.9375 0 55.8125 0 75)
(29.75 1.9375 0 55.8125 0 75)
(30.25 1.9375 0 55.8125 0 75)
(30.75 1.9375 0 55.8125 0 75)
(31.25 1.9375 0 55.8125 0 75)
(31.75 1.9375 0 55.8125 0 75)
(32.25 1.9375 0 55.8125 0 75)
(32.75 1.9375 0 55.8125 0 75)
(33.25 1.9375 0 55.8125 0 75)
(33.75 1.9375 0 55.8125 0 75)
(34.25 1.9375 0 55.8125 0 75)
(34.75 1.9375 0 55.8125 0 75)
(25.25 2.0625 0 56.1875 0 75)
(25.75 2.0625 0 56.1875 0 75)
(26.25 2.0625 0 56.1875 0 75)
(26.75 2.0625 0 56.1875 0 75)
(27.25 2.0625 0 56.1875 0 75)
(27.75 2.0625 0 56.1875 0 75)
(28.25 2.0625 0 56.1875 0 75)
(28.75 2.0625 0 56.1875 0 75)
(29.25 2.0625 0 56.1875 0 75)
(29.75 2.0625 0 56.1875 0 75)
(30.25 2.0625 0 56.1875 0 75)
(30.75 2.0625 0 56.1875 0 75)
(31.25 2.0625 0 56.1875 0 75)
(31.75 2.0625 0 56.1875 0 75)
(32.25 2.0625 0 56.1875 0 75)
(32.75 2.0625 0 56.1875 0 75)
(33.25 2.0625 0 56.1875 0 75)
(33.75 2.0625 0 56.1875 0 75)
(34.25 2.0625 0 56.1875 0 75)
(34.75 2.0625 0 56.1875 0 75)
(25.25 2.1875 0 56.5625 0 75)
(25.75 2.1875 0 56.5625 0 75)
(26.25 2.1875 0 56.5625 0 75)
(26.75 2.1875 0 56.5625 0 75)
(27.25 2.1875 0 56.5625 0 75)
(27.75 2.1875 0 56.5625 0 75)
(28.25 2.1875 0 56.5625 0 75)
(28.75 2.1875 0 56.5625 0 75)
(29.25 2.1875 0 56.5625 0 75)
(29.75 2.1875 0 56.5625 0 75)
(30.25 2.1875 0 56.5625 0 75)
(30.75 2.1875 0 56.5625 0 75)
(31.25 2.1875 0 56.5625 0 75)
(31.75 2.1875 0 56.5625 0 75)
(32.25 2.1875 0 56.5625 0 75)
(32.75 2.1875 0 56.5625 0 75)
(33.25 2.1875 0 56.5625 0 75)
(33.75 2.1875 0 56.5625 0 75)
(34.25 2.1875 0 56.5625 0 75)
(34.75 2.1875 0 56.5625 0 75)
(25.25 2.3125 0 56.9375 0 75)
(25.75 2.3125 0 56.9375 0 75)
(26.25 2.3125 0 56.9375 0 75)
(26.75 2.3125 0 56.9375 0 75)
(27.25 2.3125 0 56.9375 0 75)
(27.75 2.3125 0 56.9375 0 75)
(28.25 2.3125 0 56.9375 0 75)
(28.75 2.3125 0 56.9375 0 75)
(29.25 2.3125 0 56.9375 0 75)
(29.75 2.3125 0 56.9375 0 75)
(30.25 2.3125 0 56.9375 0 75)
(30.75 2.3125 0 56.9375 0 75)
(31.25 2.3125 0 56.9375 0 75)
(31.75 2.3125 0 56.9375 0 75)
(32.25 2.3125 0 56.9375 0 75)
(32.75 2.3125 0 56.9375 0 75)
(33.25 2.3125 0 56.9375 0 75)
(33.75 2.3125 0 56.9375 0 75)
(34.25 2.3125 0 56.9375 0 75)
(34.75 2.3125 0 56.9375 0 75)
(25.25 2.4375 0 57.3125 0 75)
(25.75 2.4375 0 57.3125 0 75)
(26.25 2.4375 0 57.3125 0 75)
(26.75 2.4375 0 57.3125 0 75)
(27.25 2.4375 0 57.3125 0 75)
(27.75 2.4375 0 57.3125 0 75)
(28.25 2.4375 0 57.3125 0 75)
(28.75 2.4375 0 57.3125 0 75)
(29.25 2.4375 0 57.3125 0 75)
(29.75 2.4375 0 57.3125 0 75)
(30.25 2.4375 0 57.3125 0 75)
(30.75 2.4375 0 57.3125 0 75)
(31.25 2.4375 0 57.3125 0 75)
(31.75 2.4375 0 57.3125 0 75)
(32.25 2.4375 0 57.3125 0 75)
(32.75 2.4375 0 57.3125 0 75)
(33.25 2.4375 0 57.3125 0 75)
(33.75 2.4375 0 57.3125 0 75)
(34.25 2.4375 0 57.3125 0 75)
(34.75 2.4375 0 57.3125 0 75)
)
;

boundaryField
{
    ".*" { type zeroGradient; }
}
