/*--------------------------------*- C++ -*----------------------------------*\
  =========                 |
  \\      /  F ield         | OpenFOAM: The Open Source CFD Toolbox
   \\    /   O peration     | Version:  v2306
    \\  /    A nd           | Website:  www.openfoam.com
     \\/     M anipulation  |
\*---------------------------------------------------------------------------*/
FoamFile
{
    version     2.0;
    format      ascii;
    arch        "LSB;label=32;scalar=64";
    class       volScalarField;
    location    "0.5";
    object      T;
}
// * * * * * * * * * * * * * * * * * * * * * * * * * * * * * * * * * * * * * //

dimensions      [0 0 0 1 0 0 0];

internalField   nonuniform List<scalar>
400
(
300.471
300.88
301.273
301.642
301.977
302.27
302.513
302.701
302.829
302.894
302.894
302.829
302.701
302.513
302.27
301.977
301.642
301.273
300.88
300.471
300.998
301.407
301.801
302.17
302.505
302.798
303.041
303.229
303.357
303.421
303.421
303.357
303.229
303.041
302.798
302.505
302.17
301.801
301.407
300.998
301.526
301.935
302.329
302.698
303.032
303.325
303.568
303.756
303.884
303.949
303.949
303.884
303.756
303.568
303.325
303.032
302.698
302.329
301.935
301.526
302.054
302.463
302.856
303.225
303.56
303.853
304.096
304.284
304.412
304.477
304.477
304.412
304.284
304.096
303.853
303.56
303.225
302.856
302.463
302.054
302.581
302.99
303.384
303.753
304.088
304.38
304.624
304.812
304.94
305.004
305.004
304.94
304.812
304.624
304.38
304.088
303.753
303.384
302.99
302.581
303.109
303.518
303.912
304.28
304.615
304.908
305.151
305.339
305.467
305.532
305.532
305.467
305.339
305.151
304.908
304.615
304.28
303.912
303.518
303.109
303.637
304.045
304.439
304.808
305.143
305.436
305.679
305.867
305.995
306.06
306.06
305.995
305.867
305.679
305.436
305.143
304.808
304.439
304.045
303.637
304.164
304.573
304.967
305.336
305.671
305.963
306.207
306.395
306.523
306.587
306.587
306.523
306.395
306.207
305.963
305.671
305.336
304.967
304.573
304.164
304.692
305.101
305.494
305.863
306.198
306.491
306.734
306.922
307.05
307.115
307.115
307.05
306.922
306.734
306.491
306.198
305.863
305.494
305.101
304.692
305.22
305.628
306.022
306.391
306.726
307.019
307.262
307.45
307.578
307.643
307.643
307.578
307.45
307.262
307.019
306.726
306.391
306.022
305.628
305.22
305.747
306.156
306.55
306.919
307.254
307.546
307.79
307.977
308.105
308.17
308.17
308.105
307.977
307.79
307.546
307.254
306.919
306.55
306.156
305.747
306.275
306.684
307.077
307.446
307.781
308.074
308.317
308.505
308.633
308.698
308.698
308.633
308.505
308.317
308.074
307.781
307.446
307.077
306.684
306.275
306.802
307.211
307.605
307.974
308.309
308.601
308.845
309.033
309.161
309.225
309.225
309.161
309.033
308.845
308.601
308.309
307.974
307.605
307.211
306.802
307.33
307.739
308.133
308.501
308.836
309.129
309.372
309.56
309.688
309.753
309.753
309.688
309.56
309.372
309.129
308.836
308.501
308.133
307.739
307.33
307.858
308.267
308.66
309.029
309.364
309.657
309.9
310.088
310.216
310.281
310.281
310.216
310.088
309.9
309.657
309.364
309.029
308.66
308.267
307.858
308.385
308.794
309.188
309.557
309.892
310.184
310.428
310.616
310.744
310.808
310.808
310.744
310.616
310.428
310.184
309.892
309.557
309.188
308.794
308.385
308.913
309.322
309.716
310.084
310.419
310.712
310.955
311.143
311.271
311.336
311.336
311.271
311.143
310.955
310.712
310.419
310.084
309.716
309.322
308.913
309.441
309.849
310.243
310.612
310.947
311.24
311.483
311.671
311.799
311.864
311.864
311.799
311.671
311.483
311.24
310.947
310.612
310.243
309.849
309.441
309.968
310.377
310.771
311.14
311.475
311.767
312.011
312.199
312.326
312.391
312.391
312.326
312.199
312.011
311.767
311.475
311.14
310.771
310.377
309.968
310.496
310.905
311.298
311.667
312.002
312.295
312.538
312.726
312.854
312.919
312.919
312.854
312.726
312.538
312.295
312.002
311.667
311.298
310.905
310.496
)
;

boundaryField
{
    ".*" { type zeroGradient; }
}
