/*--------------------------------*- C++ -*----------------------------------*\
  =========                 |
  \\      /  F ield         | OpenFOAM: The Open Source CFD Toolbox
   \\    /   O peration     | Version:  v2306
    \\  /    A nd           | Website:  www.openfoam.com
     \\/     M anipulation  |
\*---------------------------------------------------------------------------*/
FoamFile
{
    version     2.0;
    format      ascii;
    arch        "LSB;label=32;scalar=64";
    class       volVectorField;
    location    "0.5";
    object      U;
}
// * * * * * * * * * * * * * * * * * * * * * * * * * * * * * * * * * * * * * //

dimensions      [0 1 -1 0 0 0 0];

internalField   nonuniform List<vector>
400
(
(0.00031925 -0.00031925 0)
(0.00282628 -0.0009265 0)
(0.00759493 -0.00144306 0)
(0.0141584 -0.00181836 0)
(0.0218743 -0.00201567 0)
(0.0299872 -0.00201567 0)
(0.037703 -0.00181836 0)
(0.0442665 -0.00144306 0)
(0.0490352 -0.0009265 0)
(0.0515422 -0.00031925 0)
(0.0515422 0.00031925 0)
(0.0490352 0.0009265 0)
(0.0442665 0.00144306 0)
(0.037703 0.00181836 0)
(0.0299872 0.00201567 0)
(0.0218743 0.00201567 0)
(0.0141584 0.00181836 0)
(0.00759493 0.00144306 0)
(0.00282628 0.0009265 0)
(0.00031925 0.00031925 0)
(0.000926501 -0.00282628 0)
(0.00820218 -0.00820218 0)
(0.0220414 -0.0127752 0)
(0.0410893 -0.0160977 0)
(0.0634816 -0.0178444 0)
(0.0870262 -0.0178444 0)
(0.109418 -0.0160977 0)
(0.128466 -0.0127752 0)
(0.142306 -0.00820218 0)
(0.149581 -0.00282628 0)
(0.149581 0.00282628 0)
(0.142306 0.00820218 0)
(0.128466 0.0127752 0)
(0.109418 0.0160977 0)
(0.0870262 0.0178444 0)
(0.0634816 0.0178444 0)
(0.0410893 0.0160977 0)
(0.0220414 0.0127752 0)
(0.00820218 0.00820218 0)
(0.000926501 0.00282628 0)
(0.00144309 -0.00759493 0)
(0.0127752 -0.0220414 0)
(0.0343302 -0.0343302 0)
(0.0639982 -0.0432586 0)
(0.0988749 -0.0479525 0)
(0.135547 -0.0479525 0)
(0.170423 -0.0432586 0)
(0.200091 -0.0343302 0)
(0.221646 -0.0220414 0)
(0.232978 -0.00759493 0)
(0.232978 0.00759493 0)
(0.221646 0.0220414 0)
(0.200091 0.0343302 0)
(0.170423 0.0432586 0)
(0.135547 0.0479525 0)
(0.0988749 0.0479525 0)
(0.0639982 0.0432586 0)
(0.0343302 0.0343302 0)
(0.0127752 0.0220414 0)
(0.00144309 0.00759493 0)
(0.00181882 -0.0141584 0)
(0.0160982 -0.0410893 0)
(0.0432591 -0.0639981 0)
(0.0806428 -0.0806424 0)
(0.12459 -0.0893928 0)
(0.170799 -0.0893928 0)
(0.214746 -0.0806424 0)
(0.25213 -0.0639981 0)
(0.279291 -0.0410893 0)
(0.29357 -0.0141584 0)
(0.29357 0.0141584 0)
(0.279291 0.0410893 0)
(0.25213 0.0639981 0)
(0.214746 0.0806424 0)
(0.170799 0.0893928 0)
(0.12459 0.0893928 0)
(0.0806428 0.0806424 0)
(0.0432591 0.0639981 0)
(0.0160982 0.0410893 0)
(0.00181882 0.0141584 0)
(0.00201913 -0.0218743 0)
(0.0178479 -0.0634816 0)
(0.047956 -0.0988749 0)
(0.0893962 -0.12459 0)
(0.138112 -0.138109 0)
(0.189335 -0.138109 0)
(0.238051 -0.12459 0)
(0.279491 -0.0988749 0)
(0.309599 -0.0634816 0)
(0.325428 -0.0218743 0)
(0.325428 0.0218743 0)
(0.309599 0.0634816 0)
(0.279491 0.0988749 0)
(0.238051 0.12459 0)
(0.189335 0.138109 0)
(0.138112 0.138109 0)
(0.0893962 0.12459 0)
(0.047956 0.0988749 0)
(0.0178479 0.0634816 0)
(0.00201913 0.0218743 0)
(0.00203292 -0.0299872 0)
(0.0178617 -0.0870262 0)
(0.0479698 -0.135546 0)
(0.08941 -0.170799 0)
(0.138126 -0.189332 0)
(0.189349 -0.189332 0)
(0.238065 -0.170799 0)
(0.279505 -0.135546 0)
(0.309613 -0.0870262 0)
(0.325442 -0.0299872 0)
(0.325442 0.0299872 0)
(0.309613 0.0870262 0)
(0.279505 0.135546 0)
(0.238065 0.170799 0)
(0.189349 0.189332 0)
(0.138126 0.189332 0)
(0.08941 0.170799 0)
(0.0479698 0.135546 0)
(0.0178617 0.0870262 0)
(0.00203292 0.0299872 0)
(0.00188403 -0.037703 0)
(0.0161634 -0.109418 0)
(0.0433243 -0.170423 0)
(0.080708 -0.214746 0)
(0.124655 -0.238048 0)
(0.170864 -0.238048 0)
(0.214811 -0.214746 0)
(0.252195 -0.170423 0)
(0.279356 -0.109418 0)
(0.293635 -0.037703 0)
(0.293635 0.037703 0)
(0.279356 0.109418 0)
(0.252195 0.170423 0)
(0.214811 0.214746 0)
(0.170864 0.238048 0)
(0.124655 0.238048 0)
(0.080708 0.214746 0)
(0.0433243 0.170423 0)
(0.0161634 0.109418 0)
(0.00188403 0.037703 0)
(0.0016494 -0.0442665 0)
(0.0129815 -0.128466 0)
(0.0345366 -0.200091 0)
(0.0642045 -0.25213 0)
(0.0990812 -0.279488 0)
(0.135753 -0.279488 0)
(0.17063 -0.25213 0)
(0.200297 -0.200091 0)
(0.221853 -0.128466 0)
(0.233185 -0.0442665 0)
(0.233185 0.0442665 0)
(0.221853 0.128466 0)
(0.200297 0.200091 0)
(0.17063 0.25213 0)
(0.135753 0.279488 0)
(0.0990812 0.279488 0)
(0.0642045 0.25213 0)
(0.0345366 0.200091 0)
(0.0129815 0.128466 0)
(0.0016494 0.0442665 0)
(0.00148812 -0.0490352 0)
(0.0087638 -0.142306 0)
(0.022603 -0.221646 0)
(0.041651 -0.27929 0)
(0.0640432 -0.309596 0)
(0.0875878 -0.309596 0)
(0.10998 -0.27929 0)
(0.129028 -0.221646 0)
(0.142867 -0.142306 0)
(0.150143 -0.0490352 0)
(0.150143 0.0490352 0)
(0.142867 0.142306 0)
(0.129028 0.221646 0)
(0.10998 0.27929 0)
(0.0875878 0.309596 0)
(0.0640432 0.309596 0)
(0.041651 0.27929 0)
(0.022603 0.221646 0)
(0.0087638 0.142306 0)
(0.00148812 0.0490352 0)
(0.0016866 -0.0515422 0)
(0.00419363 -0.149581 0)
(0.00896229 -0.232978 0)
(0.0155258 -0.29357 0)
(0.0232416 -0.325425 0)
(0.0313545 -0.325425 0)
(0.0390704 -0.29357 0)
(0.0456339 -0.232978 0)
(0.0504025 -0.149581 0)
(0.0529096 -0.0515422 0)
(0.0529096 0.0515422 0)
(0.0504025 0.149581 0)
(0.0456339 0.232978 0)
(0.0390704 0.29357 0)
(0.0313545 0.325425 0)
(0.0232416 0.325425 0)
(0.0155258 0.29357 0)
(0.00896229 0.232978 0)
(0.00419363 0.149581 0)
(0.0016866 0.0515422 0)
(0.00272589 -0.0515422 0)
(0.000218857 -0.149581 0)
(-0.0045498 -0.232978 0)
(-0.0111133 -0.29357 0)
(-0.0188291 -0.325425 0)
(-0.026942 -0.325425 0)
(-0.0346579 -0.29357 0)
(-0.0412214 -0.232978 0)
(-0.04599 -0.149581 0)
(-0.0484971 -0.0515422 0)
(-0.0484971 0.0515422 0)
(-0.04599 0.149581 0)
(-0.0412214 0.232978 0)
(-0.0346579 0.29357 0)
(-0.026942 0.325425 0)
(-0.0188291 0.325425 0)
(-0.0111133 0.29357 0)
(-0.0045498 0.232978 0)
(0.000218857 0.149581 0)
(0.00272589 0.0515422 0)
(0.00537835 -0.0490352 0)
(-0.00189733 -0.142306 0)
(-0.0157365 -0.221646 0)
(-0.0347845 -0.27929 0)
(-0.0571767 -0.309596 0)
(-0.0807213 -0.309596 0)
(-0.103114 -0.27929 0)
(-0.122162 -0.221646 0)
(-0.136001 -0.142306 0)
(-0.143276 -0.0490352 0)
(-0.143276 0.0490352 0)
(-0.136001 0.142306 0)
(-0.122162 0.221646 0)
(-0.103114 0.27929 0)
(-0.0807213 0.309596 0)
(-0.0571767 0.309596 0)
(-0.0347845 0.27929 0)
(-0.0157365 0.221646 0)
(-0.00189733 0.142306 0)
(0.00537835 0.0490352 0)
(0.0108419 -0.0442665 0)
(-0.000490276 -0.128466 0)
(-0.0220453 -0.200091 0)
(-0.0517132 -0.25213 0)
(-0.08659 -0.279488 0)
(-0.123262 -0.279488 0)
(-0.158138 -0.25213 0)
(-0.187806 -0.200091 0)
(-0.209361 -0.128466 0)
(-0.220693 -0.0442665 0)
(-0.220693 0.0442665 0)
(-0.209361 0.128466 0)
(-0.187806 0.200091 0)
(-0.158138 0.25213 0)
(-0.123262 0.279488 0)
(-0.08659 0.279488 0)
(-0.0517132 0.25213 0)
(-0.0220453 0.200091 0)
(-0.000490276 0.128466 0)
(0.0108419 0.0442665 0)
(0.0209202 -0.037703 0)
(0.00664085 -0.109418 0)
(-0.0205201 -0.170423 0)
(-0.0579038 -0.214746 0)
(-0.101851 -0.238048 0)
(-0.14806 -0.238048 0)
(-0.192007 -0.214746 0)
(-0.229391 -0.170423 0)
(-0.256552 -0.109418 0)
(-0.270831 -0.037703 0)
(-0.270831 0.037703 0)
(-0.256552 0.109418 0)
(-0.229391 0.170423 0)
(-0.192007 0.214746 0)
(-0.14806 0.238048 0)
(-0.101851 0.238048 0)
(-0.0579038 0.214746 0)
(-0.0205201 0.170423 0)
(0.00664085 0.109418 0)
(0.0209202 0.037703 0)
(0.0382594 -0.0299872 0)
(0.0224306 -0.0870262 0)
(-0.00767744 -0.135546 0)
(-0.0491177 -0.170799 0)
(-0.0978336 -0.189332 0)
(-0.149057 -0.189332 0)
(-0.197772 -0.170799 0)
(-0.239213 -0.135546 0)
(-0.269321 -0.0870262 0)
(-0.28515 -0.0299872 0)
(-0.28515 0.0299872 0)
(-0.269321 0.0870262 0)
(-0.239213 0.135546 0)
(-0.197772 0.170799 0)
(-0.149057 0.189332 0)
(-0.0978336 0.189332 0)
(-0.0491177 0.170799 0)
(-0.00767744 0.135546 0)
(0.0224306 0.0870262 0)
(0.0382594 0.0299872 0)
(0.066651 -0.0218743 0)
(0.0508222 -0.0634816 0)
(0.0207141 -0.0988749 0)
(-0.0207261 -0.12459 0)
(-0.069442 -0.138109 0)
(-0.120665 -0.138109 0)
(-0.169381 -0.12459 0)
(-0.210821 -0.0988749 0)
(-0.240929 -0.0634816 0)
(-0.256758 -0.0218743 0)
(-0.256758 0.0218743 0)
(-0.240929 0.0634816 0)
(-0.210821 0.0988749 0)
(-0.169381 0.12459 0)
(-0.120665 0.138109 0)
(-0.069442 0.138109 0)
(-0.0207261 0.12459 0)
(0.0207141 0.0988749 0)
(0.0508222 0.0634816 0)
(0.066651 0.0218743 0)
(0.111412 -0.0141584 0)
(0.0971329 -0.0410893 0)
(0.069972 -0.0639981 0)
(0.0325883 -0.0806424 0)
(-0.011359 -0.0893928 0)
(-0.0575679 -0.0893928 0)
(-0.101515 -0.0806424 0)
(-0.138899 -0.0639981 0)
(-0.16606 -0.0410893 0)
(-0.180339 -0.0141584 0)
(-0.180339 0.0141584 0)
(-0.16606 0.0410893 0)
(-0.138899 0.0639981 0)
(-0.101515 0.0806424 0)
(-0.0575679 0.0893928 0)
(-0.011359 0.0893928 0)
(0.0325883 0.0806424 0)
(0.069972 0.0639981 0)
(0.0971329 0.0410893 0)
(0.111412 0.0141584 0)
(0.179856 -0.00759493 0)
(0.168524 -0.0220414 0)
(0.146969 -0.0343302 0)
(0.117301 -0.0432586 0)
(0.0824247 -0.0479525 0)
(0.0457531 -0.0479525 0)
(0.0108763 -0.0432586 0)
(-0.0187916 -0.0343302 0)
(-0.0403466 -0.0220414 0)
(-0.0516787 -0.00759493 0)
(-0.0516787 0.00759493 0)
(-0.0403466 0.0220414 0)
(-0.0187916 0.0343302 0)
(0.0108763 0.0432586 0)
(0.0457531 0.0479525 0)
(0.0824247 0.0479525 0)
(0.117301 0.0432586 0)
(0.146969 0.0343302 0)
(0.168524 0.0220414 0)
(0.179856 0.00759493 0)
(0.281865 -0.00282628 0)
(0.274589 -0.00820218 0)
(0.26075 -0.0127752 0)
(0.241702 -0.0160977 0)
(0.21931 -0.0178444 0)
(0.195765 -0.0178444 0)
(0.173373 -0.0160977 0)
(0.154325 -0.0127752 0)
(0.140486 -0.00820218 0)
(0.13321 -0.00282628 0)
(0.13321 0.00282628 0)
(0.140486 0.00820218 0)
(0.154325 0.0127752 0)
(0.173373 0.0160977 0)
(0.195765 0.0178444 0)
(0.21931 0.0178444 0)
(0.241702 0.0160977 0)
(0.26075 0.0127752 0)
(0.274589 0.00820218 0)
(0.281865 0.00282628 0)
(0.430574 -0.00031925 0)
(0.428067 -0.0009265 0)
(0.423298 -0.00144306 0)
(0.416734 -0.00181836 0)
(0.409019 -0.00201567 0)
(0.400906 -0.00201567 0)
(0.39319 -0.00181836 0)
(0.386626 -0.00144306 0)
(0.381858 -0.0009265 0)
(0.379351 -0.00031925 0)
(0.379351 0.00031925 0)
(0.381858 0.0009265 0)
(0.386626 0.00144306 0)
(0.39319 0.00181836 0)
(0.400906 0.00201567 0)
(0.409019 0.00201567 0)
(0.416734 0.00181836 0)
(0.423298 0.00144306 0)
(0.428067 0.0009265 0)
(0.430574 0.00031925 0)
)
;

boundaryField
{
    movingWall { type fixedValue; value uniform (1 0 0); }
    fixedWalls { type noSlip; }
    frontAndBack { type empty; }
}
